timestamp hr
642874595476000000 67 972
642874596427000000 67 947 1084
642874597425000000 66 965
642874598438000000 65 901
642874599440000000 65 965
642874600435000000 65 988
642874601425000000 65 955
642874602425000000 64 1035
642874603425000000 64 1001
642874604431000000 63 1016
642874605424000000 63 1066
642874606424000000 63 980
642874607474000000 62 948
642874608524000000 62 980
642874609479000000 62 1014
642874610424000000 62
642874611477000000 62 1011 1035
642874612425000000 61 1029
642874613432000000 61 967
642874614426000000 61 987
642874615424000000 61 976
642874616427000000 61 956
642874617426000000 61 995
642874618436000000 61 943
642874619424000000 61 948
642874620425000000 61 1008
642874621424000000 61 1036
642874622427000000 61 996
642874623426000000 61 934
642874624424000000 61 938
642874625424000000 61 948
642874626426000000 62 893
642874627424000000 62 884
642874628474000000 63 955
642874629424000000 63 1008
642874630426000000 63 965
642874631474000000 62 923
642874632425000000 63 920
642874633424000000 63 981
642874634436000000 63 1071
642874635426000000 62 1041 968
642874636424000000 62 866
642874637424000000 62 830
642874638424000000 63 816
642874639424000000 64 823
642874640436000000 65 808
642874641437000000 66 849 890
642874642423000000 67 900
642874643435000000 67 951
642874644477000000 67 850
642874645423000000 67 865
642874646436000000 67 854
642874647424000000 67 859 806
642874648424000000 68 844
642874649428000000 68 878
642874650424000000 69 814
642874651424000000 69 830
642874652435000000 69 852 817
642874653423000000 70 834
642874654473000000 70 852
642874655432000000 70 816
642874656424000000 70 805
642874657424000000 71 811 843
642874658426000000 71 854
642874659423000000 71 897
642874660423000000 71 967
642874661477000000 70 953
642874662476000000 69 946
642874663423000000 69 917
642874664496000000 68 853
642874665476000000 69 832 842
642874666424000000 69 832
642874667435000000 69 892
642874668424000000 69 1011
642874669424000000 69 926
642874670435000000 68 967
642874671424000000 68 905
642874672424000000 67 816 816
642874673482000000 68 789
642874674423000000 69 791
642874675423000000 69 813
642874676435000000 70 994
642874677423000000 70 957
642874678424000000 69 929
642874679426000000 68 968
642874680425000000 68 955
642874681429000000 67 891 836
642874682427000000 67 790
642874683423000000 68 775
642874684423000000 69 802
642874685434000000 70 833
642874686424000000 70 882
642874687434000000 70 882
642874688435000000 70 942
642874689424000000 69 973
642874690424000000 68 941 931
642874691435000000 68 928
642874692425000000 67 853
642874693424000000 67 866
642874694488000000 68 904
642874695424000000 68 920
642874696433000000 67 929
642874697437000000 67 959
642874698424000000 67 896 891
642874699424000000 67 891
642874700437000000 67 843
642874701426000000 67 853
642874702425000000 67 866
642874703435000000 68 854
642874704425000000 68 882
642874705439000000 68 916 846
642874706436000000 68 849
642874707425000000 68 887
642874708424000000 68 886
642874709432000000 68 874
642874710432000000 68 887
642874711423000000 68 910 820
642874712435000000 68 810
642874713424000000 69 805
642874714526000000 69 824
642874715435000000 70 830
642874716424000000 70 875
642874717424000000 70 973 918
642874718475000000 68 776 448 896
642874719438000000 68
642874720424000000 67 480 738
642874721424000000 67 628
642874722424000000 67 620 609
642874723424000000 68 622
642874724424000000 70 634 630
642874725424000000 77 635 631
642874726424000000 82 628
642874727474000000 85 631 628
642874728424000000 86 618
642874729424000000 89 615 610
642874730436000000 92 604 598
642874731425000000 93 594
642874732425000000 95 597 608
642874733424000000 96 599
642874734424000000 97 627 675
642874735424000000 96 754
642874736424000000 94 811
642874737424000000 87 865
642874738424000000 85 852
642874739424000000 79 933
642874740423000000 78 887
642874741424000000 76 880 886
642874742426000000 75 891
642874743426000000 74 847
642874744424000000 74 810 765
642874745424000000 74 712
642874746424000000 76 694 691
642874747426000000 77 682
642874748424000000 78 665
642874749426000000 80 673 693
642874750424000000 81 754
642874751423000000 81 776
642874752425000000 81 755 761
642874753424000000 80 760
642874754441000000 80 721 707
642874755426000000 81 697
642874756425000000 82 685 656
642874757424000000 83 652
642874758426000000 85 649 643
642874759424000000 86 654
642874760475000000 87 661 673
642874761426000000 88 683
642874762423000000 88 683 680
642874763433000000 88 691
642874764426000000 87 707 703
642874765434000000 87 659
642874766475000000 87 658
642874767476000000 88 667 703
642874768424000000 88 725
642874769424000000 87 714 741
642874770426000000 86 752
642874771424000000 86 719
642874772425000000 85 723 691
642874773425000000 85 677
642874774435000000 85 744 703
642874775425000000 85 698
642874776426000000 85 723
642874777424000000 85 777
642874778424000000 84 809
642874779432000000 83 872
642874780424000000 82 916
642874781424000000 80 933
642874782426000000 74 985 974
642874783436000000 73 854
642874784425000000 72 905
642874785424000000 72 865
642874786424000000 71 819 807
642874787430000000 72 755
642874788436000000 72 739
642874789424000000 73 758
642874790424000000 74 801
642874791424000000 74 836
642874792424000000 74 880 912
642874793474000000 73 886
642874794423000000 72 902
642874795424000000 72 960
642874796424000000 71 988
642874797436000000 70 1031
642874798424000000 69 966
642874799424000000 68 1034
642874800424000000 67 946
642874801424000000 67 935
642874802424000000 66 905
642874803424000000 66 878
642874804424000000 67 890 842
642874805425000000 67 820
642874806436000000 67 808
642874807424000000 68 769
642874808436000000 69 766
642874809424000000 70 802 830
642874810473000000 71 902
642874811426000000 71 925
642874812424000000 70 878
642874813474000000 70 859
642874814425000000 70 816 769
642874815424000000 70 754
642874816424000000 71 784
642874817424000000 72 830
642874818423000000 72 880
642874819423000000 72 915
642874820433000000 72 885
642874821424000000 71 926
642874822424000000 71 956
642874823433000000 69 945 979
642874824424000000 69 933
642874825424000000 68 864
642874826486000000 68 854
642874827425000000 68 814
642874828425000000 69 784 793
642874829473000000 70 879
642874830426000000 70 866
642874831424000000 70 906
642874832436000000 70 887
642874833424000000 69 840
642874834424000000 70 853 877
642874835437000000 70 847
642874836424000000 70 815
642874837424000000 70 770 696
642874838474000000 72 658
642874839424000000 75 698
642874840425000000 77 725 793
642874841437000000 77 810
642874842425000000 77 763
642874843476000000 77 710 750
642874844435000000 78 777
642874845424000000 78 806
642874846434000000 77 820 805
642874847427000000 77 725
642874848425000000 78 691 678
642874849424000000 79 637
642874850435000000 85 624 604
642874851425000000 88 596 594
642874852474000000 92 587 582
642874853427000000 93 578
642874854424000000 97 573 569
642874855425000000 100 564 562
642874856525000000 102 555 548
642874857425000000 105 535 538
642874858425000000 106 553
642874859505000000 107 565
642874860424000000 105 671 700
642874861424000000 98 717
642874862485000000 96 726
642874863424000000 91 754 770
642874864424000000 89 843
642874865435000000 87 788
642874866475000000 85 827
642874867424000000 83 799 803
642874868435000000 82 790
642874869425000000 81 743
642874870524000000 81 754 771
642874871436000000 81 744
642874872424000000 80 747
642874873424000000 80 748 731
642874874436000000 81 693
642874875438000000 81 697 692
642874876474000000 82 693
642874877435000000 83 679 679
642874878424000000 84 683
642874879474000000 85 681 662
642874880435000000 85 655
642874881424000000 87 644 632
642874882424000000 89 629 629
642874883435000000 90 627
642874884436000000 91 641 651
642874885424000000 92 638
642874886436000000 92 618 625
642874887424000000 93 641
642874888424000000 93 653 672
642874889435000000 93 698
642874890424000000 92 674
642874891424000000 90 751 774
642874892487000000 88 745
642874893424000000 87 670 691
642874894424000000 87 674
642874895435000000 87 669 662
642874896424000000 88 652
642874897424000000 89 638 624
642874898474000000 90 633
642874899424000000 91 654 685
642874900424000000 91 709
642874901435000000 90 751
642874902435000000 88 753 785
642874903424000000 86 770
642874904425000000 85 784
642874905426000000 83 767 742
642874906424000000 83 749
642874907435000000 83 749
642874908424000000 82 742
642874909474000000 82 741 774
642874910426000000 82 796
642874911424000000 81 866
642874912426000000 80 954
642874913426000000 79 895
642874914426000000 77 950
642874915426000000 76 979
642874916427000000 75 927
642874917475000000 74 962
642874918426000000 72 898 826
642874919426000000 72 820
642874920424000000 72 792
642874921424000000 72 775
642874922426000000 72 857
642874923423000000 73 854
642874924424000000 72 863
642874925474000000 72 915 925
642874926428000000 71 944
642874927425000000 70 953
642874928427000000 70 902
642874929424000000 69 931
642874930425000000 69 936
642874931426000000 68 902
642874932425000000 68 913
642874933424000000 68 899
642874934426000000 68 850
642874935424000000 68 883 913
642874936424000000 68 905
642874937424000000 68 952
642874938424000000 67 915
642874939435000000 67 902
642874940424000000 67 896
642874941424000000 67 854
642874942474000000 67 865 873
642874943426000000 68 767
642874944424000000 69 762 738
642874945436000000 70 707
642874946426000000 72 740
642874947425000000 73 791
642874948425000000 73 757
642874949427000000 74 831 865
642874950425000000 74 854
642874951425000000 73 871
642874952425000000 73 834
642874953434000000 73 782 776
642874954425000000 73 786
642874955427000000 74 762
642874956424000000 74 813
642874957424000000 74 825 827
642874958478000000 74 816
642874959425000000 74 838
642874960425000000 74 834
642874961424000000 74 837
642874962489000000 73 783 759
642874963427000000 74 762
642874964424000000 74 771
642874965425000000 75 742 767
642874966438000000 76 761
642874967437000000 76 714
642874968474000000 77 751 769
642874969475000000 77 785
642874970426000000 77 735 738
642874971442000000 78 729
642874972424000000 78 733
642874973425000000 79 692 711
642874974425000000 80 713
642874975474000000 81 721 722
642874976439000000 81 708
642874977425000000 81 711
642874978486000000 82 727
642874979425000000 82 732 769
642874980424000000 82 861
642874981424000000 81 899
642874982425000000 79 886
642874983424000000 78 895
642874984425000000 76 860 818
642874985438000000 76 786
642874986424000000 76 788
642874987424000000 76 821
642874988426000000 76 834
642874989424000000 75 866
642874990426000000 75 791
642874991477000000 75 817 956
642874992424000000 74 951
642874993424000000 73 929
642874994425000000 72 957
642874995425000000 71 927
642874996437000000 70 952
642874997425000000 70 1004
642874998474000000 69 991
642874999437000000 68 983
642875000425000000 67 956
642875001425000000 67 898
642875002435000000 67 881 779
642875003427000000 67 761
642875004425000000 68 758
642875005435000000 69 783
642875006425000000 71 785 839
642875007429000000 71 900
642875008488000000 71 877
642875009425000000 71 896
642875010425000000 70 877
642875011437000000 70 818 753
642875012425000000 71 739
642875013425000000 72 703
642875014427000000 74 719 792
642875015425000000 75 854
642875016425000000 74 805
642875017475000000 74 895
642875018425000000 74 911
642875019425000000 73 927
642875020478000000 72 819
642875021426000000 72 845
642875022426000000 72 921
642875023428000000 71 898 906
642875024480000000 71 948
642875025425000000 70 941
642875026428000000 69 985
642875027425000000 69 983
642875028425000000 68 964
642875029437000000 67 959
642875030425000000 67 944
642875031475000000 66 896
642875032427000000 66 961
642875033425000000 66 999
642875034425000000 66 991
642875035475000000 65 1039
642875036425000000 65 1037
642875037425000000 64 1020
642875038440000000 63 1028
642875039425000000 63 951
642875040424000000 63 946
642875041479000000 63 945
642875042425000000 63 902
642875043425000000 63 903 869
642875044475000000 64 790
642875045424000000 65 797
642875046425000000 66 794
642875047435000000 67 947
642875048425000000 67 1000
642875049425000000 66 979
642875050425000000 66 950
642875051425000000 66 904
642875052425000000 66 898 872
642875053424000000 66 880
642875054437000000 66 871
642875055425000000 66 861
642875056425000000 67 853
642875057529000000 67 868
642875058425000000 68 827 834
642875059425000000 68 880
642875060425000000 68 832
642875061428000000 68 875
642875062425000000 69 912
642875063438000000 68 878
642875064426000000 68 907
642875065425000000 68 916
642875066425000000 68 863 858
642875067425000000 68 892
642875068438000000 68 844
642875069425000000 68 863
642875070425000000 68 834
642875071441000000 69 846
642875072436000000 69 912
642875073475000000 69 957
642875074495000000 68 959
642875075425000000 67 975 973
642875076426000000 67 896
642875077429000000 66 817
642875078425000000 67 776
642875079424000000 69 760 782
642875080427000000 69
642875081425000000 70 851
642875082425000000 70 950
642875083436000000 69 1026 975
642875084425000000 68 1005
642875085424000000 67 980
642875086449000000 67 997
642875087425000000 66 977
642875088425000000 65 959
642875089435000000 65 973
642875090425000000 65 927
642875091425000000 65 908
642875092436000000 65 871 844
642875093425000000 65 804
642875094424000000 66 752
642875095475000000 68 773 718
642875096424000000 70 714
642875097424000000 71 681
642875098435000000 74 756 752
642875099425000000 74 808
642875100425000000 75 732
642875101437000000 76 734 727
642875102425000000 76 684
642875103425000000 78 701 676
642875104442000000 79 684
642875105425000000 81 681 644
642875106425000000 82 664
642875107488000000 84 650 642
642875108425000000 86 620 619
642875109427000000 88 594
642875110436000000 91 594 600
642875111426000000 94 601 594
642875112425000000 95 594
642875113478000000 97 612 592
642875114426000000 98 595 594
642875115426000000 99 589 591
642875116439000000 100 590
642875117425000000 100 580 590
642875118425000000 101 584 571
642875119427000000 102 601
642875120424000000 102 597 598
642875121424000000 101 626
642875122424000000 99 651 669
642875123424000000 98 679
642875124425000000 95 693 717
642875125425000000 93 713
642875126477000000 91 719
642875127484000000 89 729 707
642875128424000000 88 711
642875129425000000 87 702 676
642875130424000000 87 673
642875131424000000 88 700
642875132433000000 88 745
642875133425000000 86 760 824
642875134424000000 85 857
642875135427000000 83 826
642875136425000000 82 854
642875137425000000 80 837 793
642875138427000000 79 784
642875139425000000 79 754 715
642875140476000000 79 691
642875141433000000 80 659
642875142427000000 81 692 720
642875143428000000 82 724
642875144428000000 82 755
642875145425000000 82 813
642875146425000000 81 804 814
642875147427000000 80 837
642875148425000000 79 838
642875149425000000 78 818
642875150432000000 77 823 812
642875151425000000 77 778
642875152428000000 77 755
642875153438000000 77 732 721
642875154425000000 78 730
642875155475000000 78 749
642875156437000000 79 756
642875157425000000 79 771 789
642875158435000000 79 800
642875159452000000 78 805
642875160425000000 78 781 759
642875161425000000 78 773
642875162437000000 78 771
642875163425000000 78 765 769
642875164437000000 78 779
642875165437000000 78 751
642875166426000000 78 749 744
642875167425000000 78 723
642875168437000000 79 692 686
642875169426000000 80 664
642875170527000000 81 691
642875171432000000 82 711 719
642875172425000000 82 733
642875173525000000 82 740 714
642875174437000000 82 729
642875175425000000 82 728
642875176485000000 83 699 702
642875177484000000 83 695
642875178478000000 84 673 676
642875179425000000 84 695
642875180447000000 85 713 703
642875181425000000 85 673
642875182425000000 86 648 645
642875183428000000 87 640
642875184426000000 89 621 635
642875185424000000 91 622 619
642875186435000000 91 621
642875187428000000 93 618 611
642875188425000000 94 621 616
642875189437000000 95 613
642875190527000000 96 601 612
642875191475000000 96 620
642875192428000000 97 632 638
642875193425000000 96 692
642875194425000000 94 674 698
642875195440000000 93 684
642875196425000000 91 684 688
642875197476000000 91 684
642875198437000000 90 664 654
642875199425000000 90 643
642875200425000000 91 635 632
642875201437000000 92 634
642875202425000000 92 659 666
642875203426000000 92 677 638
642875204430000000 92 609
642875205425000000 93 617 583
642875206477000000 96 589 566
642875207435000000 99 579 563
642875208425000000 100 570
642875209425000000 102 559 568
642875210461000000 104 546 563
642875211426000000 105 549 555
642875212425000000 107 541 536
642875213428000000 108 549
642875214425000000 109 508 572
642875215425000000 109 530 522
642875216440000000 111 533 517
642875217425000000 112 522 520
642875218425000000 114 510 517
642875219525000000 115 510 503
642875220425000000 116 509 503
642875221426000000 118 488 500
642875222438000000 119 494 483
642875223478000000 120 492 487
642875224426000000 122 482 482 480
642875225428000000 123 485 474
642875226425000000 124 474 480
642875227477000000 125 472 469
642875228434000000 126 472 474
642875229425000000 126 468 463
642875230426000000 127 469 468
642875231429000000 128 460 461
642875232425000000 129 466 461 450
642875233438000000 130 461 456
642875234437000000 130 466 448
642875235426000000 131 448 456
642875236425000000 132 459 445 446
642875237475000000 133 446 453
642875238425000000 133 449 442
642875239476000000 134 446 443
642875240488000000 134 448 440 437
642875241477000000 135 440 445
642875242928000000 135 440 436
642875243438000000 136 435 440
642875244425000000 136 442 435 435
642875245475000000 137 428 433
642875246475000000 138 436 438
642875247425000000 138 438 429 429
642875248425000000 139 429 434
642875249577000000 139 428 437
642875250425000000 139 438 425 430
642875251437000000 139 426 425
642875252438000000 140 433 436
642875253425000000 139 435 432 431
642875254425000000 139 422 428
642875255488000000 140 426 432
642875256478000000 140 433 426 422
642875257426000000 140 423 429
642875258439000000 141 420 425
642875259426000000 141 428 429 429
642875260425000000 141 420 421
642875261479000000 142 418 425
642875262426000000 142 418 423 424
642875263426000000 142 418 419
642875264436000000 143 415 417 414
642875265437000000 143 418 414
642875266426000000 144 415 417
642875267438000000 144 415 413 410
642875268425000000 145 410 410
642875269426000000 146 407 412 409
642875270477000000 146 410 404
642875271425000000 147 406 404 403
642875272475000000 147 404 405
642875273445000000 148 406 405 405
642875274437000000 148 405 406
642875275425000000 148 402 399 404
642875276437000000 149 398 398
642875277425000000 150 398 400 401
642875278426000000 150 397 400
642875279456000000 150 400 400 399
642875280425000000 150 400 402
642875281475000000 150 397 401 398
642875282437000000 150 395 396
642875283425000000 151 396 395 396
642875284425000000 151 396 396
642875285438000000 151 396 396 395
642875286425000000 152 395 396
642875287425000000 152 393 396 396
642875288437000000 152 393 398
642875289478000000 152 395 396 394
642875290425000000 152 396 400
642875291438000000 151 396 398 396
642875292437000000 151 396 396
642875293425000000 151 398 396 395
642875294429000000 152 396 396
642875295427000000 152 396 396 396
642875296426000000 152 394 395 396
642875297476000000 152 395 393
642875298425000000 152 393 394 393
642875299425000000 152 392 392
642875300438000000 153 392 393 391
642875301425000000 153 392 392
642875302425000000 153 393 390 392
642875303437000000 153 393 392 390
642875304426000000 153 392 393
642875305475000000 153 393 390 393
642875306475000000 153 392 391
642875307425000000 153 390 393 388
642875308425000000 154 392 390
642875309435000000 154 393 389 390
642875310425000000 154 391 390
642875311425000000 154 390 390 392
642875312438000000 154 388 393 391
642875313425000000 154 391 387
642875314529000000 154 391 392 387
642875315435000000 154 392 389
642875316425000000 154 387 389 389
642875317425000000 154 388 388
642875318526000000 154 391 387 390
642875319425000000 154 389 390
642875320476000000 154 389 389 389
642875321438000000 154 387 394 387
642875322476000000 154 392 391
642875323425000000 154 392 387 390
642875324437000000 154 388 393
642875325426000000 154 388 389 390
642875326437000000 154 388 388
642875327490000000 154 389 389 388
642875328426000000 155 386 392 387
642875329426000000 155 389 387
642875330439000000 155 389 386 388
642875331425000000 155 388 388
642875332426000000 155 386 384 392
642875333439000000 155 386 389 387
642875334437000000 155 388 387
642875335425000000 155 387 385 389
642875336438000000 155 384 387
642875337478000000 155 386 386 385
642875338626000000 155 385 386
642875339437000000 156 385 384 387
642875340426000000 156 381 384 385
642875341425000000 156 384 385
642875342475000000 156 384 388 384
642875343437000000 156 382 384 382
642875344425000000 156 384 382
642875345437000000 156 385 384 384
642875346425000000 156 382 382
642875347425000000 157 385 383 383
642875348453000000 157 384 384 381
642875349425000000 157 384 383
642875350425000000 157 382 383 381
642875351452000000 157 385 383
642875352437000000 157 384 380 383
642875353426000000 157 381 382 380
642875354437000000 157 382 381
642875355478000000 157 381 381 381
642875356425000000 158 379 382 379
642875357477000000 158 378 380
642875358425000000 158 382 377 379
642875359425000000 158 381 378 380
642875360439000000 158 379 381
642875361425000000 158 378 379 379
642875362425000000 158 377 380
642875363438000000 158 376 383 377
642875364425000000 159 378 377 381
642875365425000000 158 378 378
642875366482000000 158 379 382 376
642875367425000000 158 380 378 379
642875368425000000 158 379 381
642875369428000000 158 378 382 379
642875370426000000 158 380 381 380
642875371478000000 158 379 380
642875372437000000 158 385 380 380
642875373425000000 158 382 381
642875374425000000 158 381 380 378
642875375438000000 158 384 381 381
642875376478000000 158 381 383
642875377476000000 157 380 382 381
642875378451000000 157 382 382 380
642875379425000000 157 386 381
642875380428000000 157 381 382 383
642875381438000000 157 381 383
642875382425000000 157 381 384 379
642875383425000000 157 382 381 384
642875384475000000 157 380 382
642875385426000000 157 380 382 380
642875386425000000 157 384 381
642875387437000000 157 382 382 381
642875388478000000 157 382 381 382
642875389427000000 157 379 382
642875390439000000 157 381 381 382
642875391426000000 157 381 379 382
642875392425000000 157 382 381
642875393439000000 158 381 380 380
642875394425000000 157 382 382 382
642875395426000000 157 383 381
642875396435000000 157 385 380 382
642875397425000000 157 383 383
642875398480000000 157 383 383 381
642875399438000000 157 383 385 384
642875400425000000 157 382 386
642875401426000000 157 382 382 385
642875402475000000 157 384 384
642875403426000000 156 383 385 385
642875404475000000 156 386 382 389
642875405437000000 156 383 385
642875406425000000 156 384 386 386
642875407426000000 156 386 386
642875408439000000 156 387 386 386
642875409426000000 156 386 388 387
642875410426000000 155 386 388
642875411475000000 155 387 387 387
642875412426000000 155 384 389
642875413426000000 155 385 386 385
642875414438000000 155 387 388
642875415426000000 156 383 387 382
642875416425000000 156 386 387 387
642875417438000000 156 384 385
642875418426000000 156 387 385 384
642875419425000000 156 384 387
642875420439000000 156 385 384 386
642875421483000000 156 384 384 385
642875422426000000 156 386 383
642875423452000000 156 386 386 383
642875424425000000 156 384 386
642875425426000000 156 385 384 384
642875426437000000 156 384 382 385
642875427425000000 156 384 383
642875428425000000 156 383 384 383
642875429454000000 156 387 382 385
642875430425000000 156 382 385
642875431476000000 156 385 385 388
642875432438000000 156 385 385
642875433426000000 156 389 384 388
642875434425000000 156 385 385
642875435479000000 156 386 385 387
642875436426000000 156 386 387 386
642875437528000000 156 384 388
642875438429000000 156 385 386 383
642875439426000000 156 388 385
642875440426000000 156 385 387 386
642875441438000000 156 387 386 386
642875442426000000 156 386 387
642875443425000000 155 386 389 384
642875444475000000 155 389 386
642875445425000000 155 389 389 389
642875446425000000 155 388 387 388
642875447425000000 155 383 392
642875448426000000 155 386 388 387
642875449426000000 155 384 391
642875450425000000 155 391 384 387
642875451426000000 155 390 386 385
642875452426000000 155 386 386
642875453435000000 155 392 388 388
642875454478000000 155 391 391
642875455426000000 154 388 389 395
642875456426000000 154 384 394
642875457426000000 154 390 391 386
642875458429000000 154 385 388
642875459425000000 155 387 384 389
642875460426000000 155 387 381 387
642875461426000000 156 379 385
642875462429000000 156 387 387 382
642875463427000000 156 382 384 386
642875464426000000 156 379 384
642875465425000000 157 382 382 381
642875466428000000 157 380 383
642875467427000000 157 377 383 375
642875468426000000 158 379 383 378
642875469428000000 158 379 379
642875470426000000 158 375 380 378
642875471427000000 158 380 377 379
642875472428000000 158 378 380
642875473426000000 158 379 378 377
642875474439000000 159 381 378
642875475428000000 158 380 378 379
642875476437000000 158 381 378 380
642875477439000000 158 379 380
642875478428000000 158 383 378 381
642875479426000000 158 379 381 379
642875480436000000 158 380 382
642875481428000000 158 380 382 381
642875482476000000 158 380 382 382
642875483476000000 158 381 378
642875484427000000 158 383 378 379
642875485426000000 158 380 379 379
642875486426000000 158 379 377
642875487528000000 159 379 374 379
642875488426000000 159 377 380
642875489426000000 159 377 380 376
642875490428000000 159 376 380 377
642875491426000000 159 382 374
642875492425000000 159 377 378 375
642875493428000000 159 380 376 377
642875494426000000 159 377 379
642875495426000000 159 377 374 378
642875496427000000 159 376 376 375
642875497426000000 159 379 374
642875498426000000 159 377 377 377
642875499428000000 159 375 379 375
642875500426000000 159 375 376
642875501426000000 160 375 375 374
642875502428000000 160 375 375 375
642875503426000000 160 375 376
642875504426000000 160 375 377 379
642875505428000000 159 376 376 379
642875506426000000 159 378 375
642875507438000000 159 378 378 376
642875508428000000 159 378 376
642875509426000000 159 378 377 378
642875510426000000 159 375 377 378
642875511427000000 159 378 378
642875512426000000 159 378 377 376
642875513426000000 159 378 375 381
642875514428000000 159 375 378
642875515426000000 159 373 376 378
642875516426000000 159 378 376 375
642875517440000000 159 377 378
642875518426000000 159 376 377 381
642875519426000000 159 376 375 378
642875520488000000 159 377 376
642875521426000000 159 376 376 378
642875522476000000 159 378 377 379
642875523439000000 159 374 377
642875524427000000 160 374 374 379
642875525426000000 160 374 378 375
642875526457000000 160 375 378
642875527427000000 160 372 378 377
642875528426000000 159 377 375 378
642875529439000000 159 375 375
642875530426000000 160 377 376 377
642875531433000000 159 377 378 376
642875532429000000 159 379 377
642875533426000000 159 377 376 377
642875534438000000 159 379 375 376
642875535476000000 159 378 379
642875536429000000 159 375 378 375
642875537426000000 159 378 376 377
642875538435000000 159 376 376
642875539428000000 159 378 375 376
642875540477000000 160 373 379
642875541488000000 160 371 375 377
642875542426000000 160 375 374 374
642875543427000000 160 373 375
642875544438000000 160 376 374 376
642875545437000000 160 372 374 371
642875546426000000 161 373 371 374
642875547438000000 161 371 372
642875548426000000 161 372 373 371
642875549426000000 161 373 375 372
642875550438000000 161 371 367
642875551426000000 161 372 370 374
642875552427000000 161 370 372 369
642875553484000000 162 372 371
642875554433000000 162 370 369 371
642875555427000000 162 369 372 370
642875556454000000 162 371 370 369
642875557426000000 162 371 369
642875558426000000 162 367 373 369
642875559437000000 162 371 372 372
642875560426000000 162 368 371
642875561426000000 162 371 371 369
642875562438000000 162 370 372 370
642875563426000000 162 371 373
642875564426000000 162 368 369 371
642875565438000000 162 370 368 371
642875566426000000 162 370 372 369
642875567426000000 162 372 370
642875568459000000 162 371 369 371
642875569426000000 162 369 369 372
642875570426000000 162 372 370
642875571429000000 162 370 372 369
642875572426000000 162 369 374 370
642875573426000000 162 374 362
642875574456000000 162 371 371 374
642875575426000000 162 366 371 368
642875576426000000 162 372 370 371
642875577439000000 162 370 368
642875578426000000 162 372 370 367
642875579426000000 163 367 368 368
642875580428000000 163 370 371
642875581426000000 162 367 371 378
642875582426000000 162 368 371 362
642875583429000000 163 366 375
642875584426000000 162 373 375 366
642875585426000000 161 375 375 372
642875586527000000 161 374 374
642875587426000000 161 377 376 373
642875588476000000 160 376 375 375
642875589480000000 160 377 378
642875590426000000 160 378 373 379
642875591426000000 159 379 374 379
642875592426000000 159 380 378
642875593426000000 159 377 379 380
642875594426000000 159 377 382 378
642875595427000000 159 378 378
642875596426000000 158 384 375 384
642875597426000000 158 380 382 379
642875598426000000 158 383 381
642875599426000000 158 379 383 385
642875600437000000 157 380 384
642875601426000000 157 384 376 382
642875602426000000 157 385 386 382
642875603476000000 157 384 385
642875604426000000 157 377 386 386
642875605426000000 157 381 383
642875606426000000 157 383 383 383
642875607426000000 157 383 382 387
642875608426000000 156 384 387
642875609426000000 156 382 389 386
642875610429000000 156 382 384
642875611428000000 156 389 383 385
642875612426000000 156 385 383 381
642875613425000000 157 380 380
642875614428000000 157 386 386 383
642875615426000000 156 386 386
642875616426000000 156 383 385 384
642875617429000000 156 383 382 383
642875618426000000 157 381 385
642875619478000000 157 376 382 378
642875620428000000 157 380 383 382
642875621426000000 157 380 383
642875622426000000 157 381 383 380
642875623437000000 157 380 381 383
642875624427000000 157 379 379
642875625426000000 158 384 374 379
642875626430000000 158 377 378
642875627426000000 158 381 382 380
642875628426000000 158 379 379 385
642875629428000000 158 381 377
642875630426000000 158 386 381 379
642875631426000000 158 382 381 381
642875632432000000 158 379 383
642875633426000000 158 379 378 379
642875634426000000 158 380 373
642875635429000000 159 376 374 376
642875636476000000 159 382 379 378
642875637428000000 158 384 383
642875638478000000 158 378 382 382
642875639426000000 158 383 380 379
642875640426000000 158 379 384
642875641439000000 158 379 378 383
642875642426000000 158 374 378 376
642875643426000000 159 381 380
642875644428000000 158 380 384 383
642875645426000000 158 380 378
642875646428000000 158 377 384 379
642875647429000000 158 377 380 381
642875648426000000 158 374 375
642875649426000000 159 372 380 382
642875650428000000 158 381 377 382
642875651426000000 158 380 380
642875652476000000 158 383 377 379
642875653427000000 159 376 378 381
642875654426000000 158 378 380
642875655426000000 158 380 384 377
642875656429000000 158 384 381
642875657426000000 158 382 381 380
642875658426000000 158 380 382 379
642875659428000000 158 375 374
642875660426000000 159 376 375 380
642875661426000000 158 380 385 378
642875662428000000 158 383 379
642875663426000000 158 381 380 382
642875664426000000 158 373 380 375
642875665427000000 159 377 382
642875666426000000 158 381 384 379
642875667426000000 158 381 382
642875668428000000 157 383 382 381
642875669478000000 158 378 382 380
642875670426000000 158 377 370
642875671439000000 159 375 374 378
642875672426000000 159 383 378 384
642875673426000000 158 381 380
642875674447000000 158 381 379 377
642875675426000000 158 378 381 373
642875676426000000 159 372 374
642875677438000000 159 379 381 381
642875678428000000 159 380 385
642875679426000000 158 377 381 382
642875680439000000 158 379 384 380
642875681426000000 158 376 378
642875682436000000 159 373 375 385
642875683438000000 158 379 386 377
642875684426000000 158 389 383
642875685476000000 157 384 386 380
642875686439000000 157 387 377 375
642875687426000000 158 379 374
642875688476000000 158 382 383 383
642875689438000000 158 382 384
642875690426000000 157 386 385 386
642875691426000000 157 382 385 378
642875692429000000 157 382 381
642875693426000000 157 383 380 382
642875694426000000 157 389 386
642875695438000000 156 386 382 382
642875696426000000 157 383 377 377
642875697426000000 158 380 370
642875698439000000 158 380 383 375
642875699426000000 158 381 384 377
642875700426000000 158 382 378
642875701438000000 158 381 378 370
642875702479000000 159 372 379 369
642875703426000000 160 376 378
642875704429000000 160 375 377 379
642875705435000000 159 382 373 369
642875706426000000 160 375 368
642875707429000000 161 371 379 379
642875708427000000 160 376 379 376
642875709428000000 160 373 370
642875710476000000 161 371 375 375
642875711427000000 160 375 378 379
642875712427000000 160 373 376
642875713438000000 160 376
642875714428000000 160 373
642875715426000000 160 373
642875716444000000 159 1115 859 1045
642875717478000000 156 562 551
642875718476000000 155 676 330
642875719476000000 155
642875720427000000 153 729 1066
642875721426000000 153 458 253
642875722429000000 152 1006
642875723426000000 152
642875724428000000 152 382
642875725437000000 152 2267 367 371
642875726427000000 154 374 373
642875727427000000 157 372 755
642875728476000000 158 372 383 375
642875729426000000 159 376 378 376
642875730426000000 159 378 365
642875731437000000 160 372 376 377
642875732426000000 160 375 377
642875733476000000 160 377 379 374
642875734436000000 160 375 378 366
642875735478000000 160 373 374
642875736426000000 160 374 381 380
642875737427000000 159 379 376 379
642875738478000000 159 373 374
642875739477000000 160 370 377 373
642875740426000000 160 376 382 378
642875741426000000 159 380 377
642875742437000000 159 379 376 378
642875743427000000 160 369 372 376
642875744427000000 160 374 381
642875745426000000 160 376 378 375
642875746426000000 159 378 378 374
642875747428000000 160 375 377
642875748426000000 160 367 373 379
642875749426000000 160 377 379 377
642875750426000000 160 375 377
642875751476000000 160 376 376 374
642875752426000000 161 363 373 377
642875753427000000 160 374 376
642875754426000000 160 376 373 374
642875755454000000 160 375 369 374
642875756428000000 161 373 375
642875757426000000 161 372 375 370
642875758426000000 161 375 372 374
642875759429000000 161 372 372
642875760426000000 161 371 370 371
642875761426000000 161 373 372 368
642875762429000000 162 374 367 370
642875763426000000 162 372 371
642875764426000000 162 368 372 365
642875765428000000 163 367 367 372
642875766429000000 162 368 372
642875767426000000 162 372 367 370
642875768478000000 162 367 368 368
642875769426000000 163 368 366 370
642875770426000000 163 369 365
642875771429000000 163 366 369 361
642875772426000000 164 366 366 366
642875773426000000 164 366 369 368
642875774429000000 163 367 362
642875775426000000 164 367 366 367
642875776426000000 164 365 364 367
642875777427000000 165 358 361 367
642875778427000000 164 363 364
642875779426000000 164 370 365 363
642875780438000000 164 365 365 363
642875781426000000 164 368 358
642875782426000000 165 364 360 362
642875783476000000 165 368 367 364
642875784480000000 165 366 362 366
642875785426000000 165 364 362
642875786430000000 165 359 364 363
642875787426000000 165 365 362 363
642875788477000000 165 365 362 364
642875789438000000 165 365 364
642875790426000000 165 359 369 363
642875791476000000 165 364 363 363
642875792489000000 165 365 365 363
642875793426000000 165 364 361
642875794426000000 165 361 365 364
642875795436000000 165 363 365 363
642875796426000000 165 366 364 360
642875797426000000 165 365 364
642875798440000000 165 363 363 364
642875799426000000 165 366 363 364
642875800426000000 165 360 364 364
642875801489000000 165 362 363
642875802438000000 165 362 363 363
642875803426000000 165 363 361 362
642875804437000000 166 361 362 361
642875805426000000 166 363 362
642875806439000000 166 363 361 363
642875807426000000 166 358 363 360
642875808428000000 166 361 364 358
642875809426000000 166 363 358
642875810436000000 166 358 360 362
642875811439000000 166 364 361 362
642875812426000000 166 363 362 358
642875813426000000 166 362 363 360
642875814426000000 166 364 362
642875815426000000 165 364 365 359
642875816426000000 166 361 361 363
642875817478000000 166 363 364 363
642875818426000000 165 362 362
642875819426000000 166 365 358 362
642875820438000000 166 363 358 365
642875821426000000 165 364 364 365
642875822426000000 165 358 363
642875823428000000 165 367 360 365
642875824426000000 165 365 363 363
642875825428000000 165 362 360 360
642875826428000000 166 360 360
642875827427000000 165 366 365 364
642875828426000000 165 365 365 359
642875829427000000 165 360 362 368
642875830432000000 165 363 366
642875831426000000 164 367 366 364
642875832429000000 164 364 367 361
642875833427000000 164 363 372 366
642875834478000000 164 365 366
642875835428000000 164 370 365 366
642875836426000000 164 366 370 362
642875837429000000 164 362 371
642875838429000000 164 365 367 369
642875839426000000 163 368 368 371
642875840426000000 163 371 368 367
642875841428000000 163 369 367
642875842428000000 163 369 367 365
642875843437000000 163 370 363 366
642875844428000000 164 366 365
642875845427000000 163 368 371 369
642875846426000000 163 368 371 368
642875847429000000 163 370 366 369
642875848478000000 163 368 366
642875849426000000 163 364 365 368
642875850478000000 163 367 368 368
642875851426000000 163 368 366 369
642875852426000000 163 366 366
642875853428000000 163 367 366 368
642875854426000000 163 369 368 368
642875855426000000 163 370 370
642875856428000000 163 370 370 365
642875857426000000 163 366 366 366
642875858426000000 163 371 367 366
642875859429000000 163 374 364
642875860426000000 163 372 369 369
642875861427000000 163 368 369 369
642875862429000000 163 366 370
642875863426000000 163 363 367 364
642875864426000000 163 369 372 370
642875865428000000 163 366 372 370
642875866438000000 162 370 367
642875867476000000 162 373 367 370
642875868428000000 163 368 367 362
642875869426000000 163 365 365
642875870434000000 163 368 372 360
642875871428000000 163 370 367 365
642875872426000000 163 369 369 369
642875873426000000 163 372 373
642875874429000000 162 369 369 370
642875875426000000 163 368 368 369
642875876426000000 163 366 365
642875877428000000 164 359 365 370
642875878426000000 164 361 368 367
642875879426000000 164 366 367 365
642875880428000000 164 366 366
642875881426000000 164 362 360 363
642875882426000000 165 362 364 362
642875883429000000 165 366 365 364
642875884426000000 165 366 360
642875885426000000 165 359 363 364
642875886429000000 165 365 366 366
642875887426000000 165 362 364 360
642875888426000000 165 356 357
642875889435000000 165 367 366 363
642875890426000000 165 365 364 367
642875891426000000 165 357 361 363
642875892429000000 165 362 362
642875893426000000 165 365 363 360
642875894426000000 165 363 361 364
642875895429000000 165 363 364 362
642875896427000000 165 363 362
642875897438000000 165 365 359 362
642875898479000000 166 362 362 363
642875899426000000 165 362 364 364
642875900476000000 165 363 363
642875901436000000 165 362 364 364
642875902479000000 165 362 363 362
642875903488000000 166 363 359 360
642875904454000000 166 363 358 361
642875905426000000 166 359 357
642875906426000000 166 362 360 362
642875907477000000 166 360 363 361
642875908426000000 166 361 362 361
642875909428000000 166 362 360
642875910438000000 166 360 364
642875911427000000 166 721 360 363
642875912429000000 166 363 361 366
642875913432000000 166 360 363
642875914427000000 166 361 364 358
642875915426000000 165 365 365 362
642875916438000000 165 367 362 357
642875917426000000 166 364 361 365
642875918427000000 165 363 359
642875919455000000 166 361 359 363
642875920426000000 166 366 360 365
642875921428000000 166 360 368
642875922433000000 165 367 364 363
642875923426000000 165 366 360 366
642875924427000000 165 362 367 365
642875925429000000 165 365 364
642875926427000000 164 367 367 366
642875927427000000 164 365 368 363
642875928429000000 164 365 370 368
642875929429000000 164 367 371
642875930435000000 163 370 369 374
642875931426000000 163 367 371 372
642875932426000000 162 370 370
642875933477000000 162 373 372 374
642875934427000000 162 371 370 375
642875935427000000 162 367 370
642875936426000000 162 372 372 373
642875937426000000 161 371 372 372
642875938427000000 161 372 371 371
642875939427000000 161 373 374
642875940426000000 161 372 369 374
642875941427000000 161 375 372 374
642875942426000000 161 373 378
642875943426000000 160 374 375 375
642875944428000000 160 375 371 371
642875945427000000 161 372 371
642875946427000000 161 376 374 376
642875947429000000 160 376 376 374
642875948426000000 160 374 371
642875949437000000 160 376 372 374
642875950428000000 160 376 376 374
642875951427000000 160 377 376
642875952428000000 160 377 374 372
642875953489000000 160 371 375 373
642875954476000000 160 374 377
642875955426000000 160 378 376 377
642875956429000000 160 374 380 374
642875957427000000 160 373 377
642875958426000000 159 378 377 379
642875959428000000 159 379 379 377
642875960426000000 159 377 379
642875961426000000 159 377 376 378
642875962429000000 159 381 375
642875963426000000 159 381 378 378
642875964426000000 159 380 379 376
642875965428000000 159 378 378
642875966481000000 159 379 381 379
642875967434000000 158 383 381 382
642875968429000000 158 384 379
642875969426000000 158 380 385 378
642875970426000000 158 381 378 382
642875971428000000 158 380 383
642875972426000000 157 383 382 383
642875973427000000 157 383 382
642875974438000000 157 383 383 380
642875975426000000 157 380 380 380
642875976477000000 157 386 382
642875977437000000 157 383 384 384
642875978427000000 157 385 385
642875979426000000 157 383 381 385
642875980458000000 157 383 380 382
642875981427000000 157 381 380
642875982427000000 157 385 381 385
642875983437000000 157 386 383
642875984427000000 157 386 383 384
642875985433000000 156 384 383 380
642875986443000000 157 385 385
642875987427000000 157 382 382 385
642875988426000000 156 385 383 383
642875989477000000 156 387 384
642875990429000000 156 383 382 383
642875991426000000 156 386 385
642875992440000000 156 387 388 385
642875993426000000 156 390 390
642875994426000000 155 389 388 385
642875995438000000 155 390 389 389
642875996426000000 155 388 388
642875997427000000 155 387 388 385
642875998426000000 155 387 387
642875999478000000 155 386 385 385
642876000426000000 156 382 381 383
642876001439000000 156 384 382
642876002427000000 157 379 381 382
642876003427000000 158 377 378 379
642876004428000000 158 378 375
642876005479000000 159 377 377 378
642876006476000000 159 375 376 375
642876007426000000 159 378 372
642876008428000000 160 376 373 374
642876009426000000 160 374 374 373
642876010427000000 160 374 375
642876011426000000 160 375 374 374
642876012426000000 160 374 375 372
642876013426000000 160 374 372
642876014429000000 161 375 371 374
642876015426000000 161 372 374 372
642876016476000000 161 372 372
642876017426000000 161 373 370 371
642876018427000000 161 371 370 370
642876019439000000 162 369 368
642876020429000000 162 370 367 370
642876021427000000 163 367 364 370
642876022429000000 163 366 368 369
642876023429000000 163 369 370
642876024426000000 162 372 371 371
642876025426000000 162 366 374 372
642876026429000000 162 375 370
642876027426000000 161 374 372 370
642876028426000000 161 374 372 370
642876029429000000 162 368 372
642876030426000000 162 366 366 369
642876031426000000 162 367 370 368
642876032529000000 162 371 368 370
642876033426000000 162 372 367
642876034426000000 162 371 370 369
642876035429000000 162 370 369 368
642876036427000000 163 365 367
642876037428000000 163 367 368 369
642876038429000000 163 370 366 373
642876039429000000 162 371 373
642876040433000000 162 369 370 369
642876041431000000 162 368 372 366
642876042427000000 163 368 369 370
642876043428000000 162 370 370
642876044427000000 162 372 372 368
642876045427000000 162 373 372 368
642876046426000000 162 374 366
642876047429000000 162 371 369 368
642876048427000000 162 368 371 372
642876049477000000 162 371 371 370
642876050429000000 162 369 367
642876051427000000 162 371 366 369
642876052429000000 162 371 369 370
642876053429000000 162 369 371
642876054438000000 162 368 368 371
642876055476000000 163 366 366 369
642876056478000000 163 365 369 370
642876057426000000 163 371 368
642876058426000000 163 367 371 363
642876059429000000 163 366 367 369
642876060426000000 163 366 369
642876061426000000 163 367 367 366
642876062429000000 164 367 365 368
642876063437000000 164 363 365 369
642876064426000000 164 367 370
642876065479000000 163 365 367 364
642876066426000000 164 365 364 368
642876067426000000 164 367 365
642876068429000000 163 370 369 365
642876069427000000 163 370 366 367
642876070427000000 163 366 370 367
642876071439000000 163 368 369
642876072440000000 163 368 368 369
642876073426000000 163 366 365 366
642876074439000000 163 366 366 364
642876075426000000 164 370 366
642876076427000000 163 369 365 366
642876077429000000 164 365 363 362
642876078426000000 164 366 365 365
642876079426000000 164 367 366
642876080429000000 164 366 366 362
642876081426000000 165 364 362 365
642876082476000000 165 365 363 365
642876083439000000 165 363 369
642876084427000000 165 363 365 361
642876085438000000 165 363 363 364
642876086429000000 165 363 368
642876087426000000 165 365 362 365
642876088426000000 165 362 359 363
642876089439000000 165 363 360 368
642876090426000000 165 363 362
642876091426000000 165 363 363 361
642876092439000000 165 364 364 360
642876093427000000 165 368 364 361
642876094426000000 165 363 362 364
642876095526000000 165 364 365
642876096427000000 165 365 367 367
642876097426000000 164 364 363 363
642876098489000000 165 363 367
642876099426000000 165 363 366 366
642876100426000000 164 366 363 364
642876101434000000 165 365 362 365
642876102426000000 165 363 364
642876103426000000 165 365 366 363
642876104438000000 165 364 362 358
642876105479000000 165 363 363 363
642876106428000000 165 367 367
642876107440000000 165 364 366 362
642876108427000000 165 361 363 365
642876109429000000 165 364 367 364
642876110430000000 165 366 366
642876111427000000 165 361 362 363
642876112427000000 165 366 365 365
642876113476000000 165 364 368 366
642876114427000000 164 365 365
642876115477000000 164 363 365 363
642876116439000000 164 367 365 368
642876117427000000 164 365 365 367
642876118439000000 164 363 365
642876119426000000 164 363 369 367
642876120427000000 164 366 368 362
642876121427000000 164 364 367
642876122428000000 164 366 366 369
642876123427000000 164 366 367 367
642876124426000000 164 364 368 363
642876125426000000 164 370 367
642876126427000000 163 370 364 369
642876127427000000 164 366 365 368
642876128426000000 164 362 371 368
642876129427000000 163 370 369
642876130427000000 163 365 372 364
642876131477000000 163 368 368 370
642876132440000000 163 368 369
642876133427000000 162 370 372 367
642876134426000000 162 368 370 368
642876135427000000 163 368 368 373
642876136426000000 162 369 372
642876137426000000 162 369 371 367
642876138426000000 163 368 370 369
642876139429000000 163 368 368
642876140429000000 162 372 373 366
642876141434000000 162 373 368 368
642876142427000000 162 370 370
642876143426000000 162 371 372 370
642876144429000000 162 373 370 370
642876145426000000 162 370 369 370
642876146426000000 162 370 369
642876147428000000 162 373 372 372 373
642876148476000000 162 372 371
642876149427000000 162 369 375
642876150434000000 162 369 370 374
642876151426000000 162 367 372 371
642876152426000000 162 373 371
642876153429000000 162 368 375 368
642876154427000000 162 372 371 376
642876155429000000 161 371 373
642876156429000000 162 371 368 368
642876157427000000 162 371 372 370
642876158477000000 162 372 373 371
642876159429000000 162 370 370
642876160427000000 162 372 366 371
642876161427000000 162 371 372 371
642876162429000000 162 372 372
642876163426000000 162 372 370 371
642876164479000000 162 369 370 368
642876165429000000 162 368 368
642876166427000000 163 365 373 368
642876167427000000 162 370 369 368
642876168439000000 163 366 366 366
642876169427000000 163 369 366
642876170427000000 163 373 365 370
642876171429000000 163 368 365 365
642876172426000000 163 369 364 366
642876173430000000 164 366 368
642876174430000000 164 367 367 367
642876175427000000 163 369 366 367
642876176427000000 164 365 367
642876177429000000 163 368 367 371
642876178427000000 163 368 369 369
642876179426000000 163 364 367 366
642876180428000000 163 367 369
642876181479000000 163 367 367 368
642876182428000000 163 370 365 369
642876183429000000 163 364 363
642876184427000000 164 364 368 366
642876185427000000 164 369 366 364
642876186429000000 164 369 361 364
642876187432000000 164 366 361
642876188426000000 165 363 367 364
642876189431000000 165 363 358 362
642876190578000000 165 361 363 361
642876191433000000 165 362 364 364
642876192440000000 165 362 364
642876193426000000 165 361 364 366
642876194426000000 165 361 362 363
642876195448000000 165 357 364
642876196426000000 165 361 368 368
642876197477000000 164 364 364 364
642876198436000000 165 361 364 365
642876199426000000 164 366 362
642876200429000000 165 364 364 364
642876201436000000 165 358 365 365
642876202427000000 165 368 361 364
642876203426000000 165 364 366
642876204432000000 165 364 366 366
642876205427000000 164 369 364 364
642876206426000000 164 369 366 365
642876207439000000 164 366 366
642876208427000000 164 360 364 364
642876209426000000 164 368 366 371
642876210489000000 163 370 365
642876211427000000 163 367 367 373
642876212426000000 163 363 371 370
642876213459000000 162 374 369 371
642876214478000000 162 376 374
642876215427000000 161 373 376 378
642876216448000000 160 381 379 379
642876217427000000 159 378 382
642876218427000000 159 382 377 383
642876219477000000 158 379 383
642876220427000000 158 377 382 382
642876221427000000 158 382 384 385
642876222426000000 157 391 389
642876223427000000 156 387 393 394
642876224427000000 154 394 396
642876225428000000 153 396 394 396
642876226429000000 153 397 399
642876227427000000 152 393 395 398
642876228435000000 152 398 402
642876229429000000 150 404 404 403
642876230477000000 149 410 405
642876231426000000 149 403 407 410
642876232427000000 148 406 409
642876233429000000 148 406 409 407
642876234440000000 147 409 407
642876235429000000 147 411 413
642876236426000000 146 417 417 424
642876237477000000 145 421 419
642876238429000000 144 424 428
642876239426000000 143 422 427 427
642876240427000000 142 432 428
642876241429000000 141 434 436
642876242428000000 139 439 433 438
642876243426000000 139 441 439
642876244428000000 138 443 443
642876245426000000 137 446 447
642876246432000000 136 441 444 446
642876247479000000 136 440 444
642876248428000000 136 444 450
642876249428000000 135 451 450
642876250429000000 134 454 454
642876251430000000 133 456 453 460
642876252427000000 132 461 447
642876253429000000 132 457 456
642876254427000000 132 454 453
642876255426000000 133 446 445 430
642876256427000000 135 440 434
642876257427000000 136 438 437
642876258426000000 136 439 445
642876259439000000 135 453 461 453
642876260426000000 133 462 464
642876261477000000 132 467 463
642876262490000000 131 465 463
642876263427000000 130 468 471
642876264426000000 129 470 466
642876265439000000 129 461 461
642876266426000000 130 455 460 460
642876267429000000 130 466 471
642876268439000000 129 476 477
642876269427000000 128 477 476
642876270427000000 127 475 470
642876271439000000 127 469 471
642876272427000000 128 467 469
642876273427000000 128 468 479
642876274440000000 127 487 493
642876275427000000 125 501 499
642876276427000000 123 499 499
642876277436000000 122 492 487
642876278426000000 123 484 480 479
642876279426000000 123 480
642876280489000000 124 484 493
642876281427000000 123 497 503 505
642876282426000000 122 507
642876283477000000 121 501 495 490
642876284427000000 121 488 484
642876285427000000 122 485 485
642876286427000000 123 484 489
642876287438000000 123 495 503
642876288427000000 122 505 513
642876289426000000 120 510 508
642876290426000000 119 504 500
642876291427000000 120 495 492
642876292431000000 120 489 484
642876293427000000 122 483 488
642876294427000000 122 488 493
642876295427000000 122 499 494
642876296428000000 121 500 498
642876297429000000 121 500 499
642876298427000000 121 491 496
642876299429000000 121 491 495
642876300426000000 121 492 490
642876301426000000 122 495 495
642876302429000000 121 493 492
642876303426000000 122 492 493
642876304426000000 122 484 490
642876305429000000 122 491 495
642876306440000000 122 495 499
642876307426000000 121 503 510
642876308429000000 120 514 515
642876309427000000 119 514 517
642876310427000000 118 521 520
642876311429000000 117 523 526
642876312427000000 116 520 522
642876313477000000 116 525
642876314429000000 116 519 521
642876315439000000 115 524 519
642876316436000000 115 522 523
642876317479000000 115 510 524
642876318427000000 115 524 525
642876319426000000 115 519 526
642876320429000000 115 527 527
642876321426000000 114 530 530
642876322426000000 114 531 519
642876323428000000 114 527 527
642876324426000000 114 521
642876325426000000 114 523 527
642876326429000000 114 523 524
642876327427000000 114 523 521
642876328426000000 115 524 524
642876329438000000 114 523 528
642876330426000000 114 528 529
642876331426000000 114 527 530
642876332469000000 114 535 529
642876333436000000 113 537
642876334426000000 113 534 534
642876335437000000 113 529 536
642876336427000000 113 530 532
642876337427000000 113 530 529
642876338439000000 113 531 532
642876339427000000 113 530 536
642876340428000000 113 533 534
642876341439000000 113 534
642876342428000000 113 529 529
642876343427000000 113 525 525
642876344438000000 114 519 514
642876345426000000 115 515 515
642876346477000000 115 521 512
642876347477000000 116 523 533
642876348427000000 115 529 539
642876349427000000 114 546 544
642876350440000000 113 553
642876351427000000 111 550 554
642876352428000000 110 554 556
642876353426000000 110 552 552
642876354427000000 109 547 550
642876355427000000 109 542 548
642876356429000000 110 542
642876357427000000 110 548 550
642876358427000000 110 541 553
642876359427000000 110 551 551
642876360428000000 109 554 554
642876361426000000 109 545
642876362426000000 109 554 553
642876363427000000 109 552 547
642876364426000000 109 554 557
642876365478000000 109 557 553
642876366428000000 109 542 543
642876367427000000 109 546
642876368426000000 110 540 548
642876369479000000 110 533 549
642876370426000000 110 545 550
642876371426000000 110 542 538
642876372429000000 111 529 524
642876373427000000 112 530 521
642876374426000000 112 535
642876375429000000 112 543 547
642876376427000000 112 537 552
642876377426000000 111 545 548
642876378429000000 110 550 552
642876379477000000 110 545 555
642876380427000000 110 557
642876381429000000 109 552 561
642876382427000000 109 562 554
642876383426000000 108 565 562
642876384429000000 108 558
642876385427000000 108 561 559
642876386427000000 108 554 560
642876387428000000 108 555 549
642876388427000000 108 554 562
642876389427000000 108 561
642876390429000000 107 568 570
642876391427000000 107 574 565
642876392426000000 106 575 569
642876393434000000 106 569
642876394427000000 106 571 572
642876395427000000 106 562 568
642876396429000000 106 564 558
642876397427000000 106 563
642876398430000000 106 563 555
642876399427000000 107 563 564
642876400428000000 107 559 570
642876401426000000 106 567 565
642876402439000000 106 572
642876403427000000 106 573 559
642876404427000000 106 573 570
642876405429000000 106 559 570
642876406427000000 106 569
642876407430000000 106 570 568
642876408429000000 106 552 563
642876409427000000 106 558 560
642876410427000000 107 553 544
642876411429000000 107 549
642876412479000000 108 547 540
642876413427000000 109 546 542
642876414429000000 110 544 544
642876415427000000 110 538 547
642876416427000000 110 552 558
642876417428000000 110 563
642876418426000000 108 567 568
642876419426000000 107 571 568
642876420428000000 107 566 550
642876421426000000 107 560 554
642876422428000000 107 554
642876423429000000 108 553 556
642876424427000000 108 553 560
642876425426000000 108 553 562
642876426430000000 108 559
642876427427000000 108 546 558
642876428427000000 108 560 556
642876429479000000 108 556 560
642876430428000000 108 561 550
642876431426000000 108 559
642876432445000000 108 556 556
642876433426000000 108 554 558
642876434434000000 108 557 550
642876435429000000 108 557 555
642876436427000000 108 548 555
642876437427000000 108 559
642876438439000000 108 544 561
642876439429000000 108 561 555
642876440427000000 108 561 559
642876441437000000 108 553
642876442427000000 108 558 554
642876443427000000 108 554 544
642876444439000000 109 551 542
642876445479000000 109 552 540
642876446427000000 110 541 542
642876447430000000 110 547
642876448427000000 110 545 539
642876449426000000 110 551 555
642876450426000000 109 553 554
642876451426000000 109 554 554
642876452427000000 109 556 538
642876453436000000 109 546
642876454427000000 109 544 544
642876455427000000 110 537 536
642876456426000000 111 528 536
642876457427000000 111 534 521
642876458426000000 112 532 541
642876459427000000 112 537 540
642876460427000000 112 543
642876461427000000 111 549 536
642876462489000000 111 558 548
642876463429000000 110 546 554
642876464427000000 110 555 546
642876465440000000 110 544 544
642876466478000000 110 549
642876467426000000 110 552 547
642876468426000000 109 555 553
642876469429000000 109 553 557
642876470426000000 109 559 550
642876471477000000 109 560
642876472429000000 108 557 554
642876473427000000 108 558 563
642876474427000000 108 558 557
642876475429000000 108 555 557
642876476427000000 108 562
642876477426000000 108 563 555
642876478478000000 107 567 563
642876479426000000 107 563 567
642876480436000000 107 569
642876481429000000 106 567 566
642876482427000000 106 567 572
642876483427000000 106 567 565
642876484429000000 106 564
642876485428000000 106 567 563
642876486427000000 106 562 548
642876487432000000 107 558 560
642876488427000000 107 557 558
642876489427000000 107 565
642876490429000000 107 565 557
642876491427000000 107 574 572
642876492433000000 106 572 569
642876493429000000 106 563 546
642876494429000000 106 557
642876495478000000 107 553 545
642876496429000000 108 552 552
642876497427000000 108 544 555
642876498477000000 109 543 557
642876499429000000 109 557
642876500426000000 108 561 563
642876501426000000 108 537 564
642876502435000000 108 567 537
642876503429000000 108 567 560
642876504426000000 108 545
642876505429000000 108 558 557
642876506427000000 108 550 550
642876507427000000 109 528 547
642876508439000000 110 542 531
642876509426000000 110 548 546
642876510427000000 110 550
642876511487000000 110 554 536
642876512427000000 110 558 561
642876513426000000 109 562 541
642876514435000000 109 561 556
642876515426000000 109 552
642876516426000000 109 550 545
642876517430000000 109 543 544
642876518427000000 110 544 541
642876519427000000 110 547 547
642876520427000000 110 551 544
642876521427000000 110 562
642876522427000000 109 559 562
642876523427000000 108 563 566
642876524426000000 107 562 568
642876525427000000 107 570
642876526439000000 107 559 567
642876527479000000 107 560 554
642876528476000000 107 557 560
642876529427000000 107 555 555
642876530428000000 107 561
642876531427000000 107 563 557
642876532427000000 107 571 566
642876533429000000 107 565 568
642876534427000000 106 572
642876535426000000 106 565 573
642876536428000000 106 566 568
642876537426000000 106 566 568
642876538429000000 106 565
642876539429000000 106 565 567
642876540426000000 106 561 570
642876541427000000 106 563 562
642876542428000000 106 558 562
642876543431000000 107 560
642876544477000000 107 565 557
642876545429000000 107 570 565
642876546427000000 106 563 571
642876547426000000 106 569
642876548429000000 106 567 563
642876549440000000 106 563 560
642876550428000000 107 559 537
642876551429000000 108 552 543
642876552427000000 109 542 539
642876553427000000 109 546
642876554428000000 109 550 543
642876555427000000 109 563 563
642876556426000000 108 560 575
642876557430000000 108 575
642876558442000000 107 558 579
642876559427000000 106 576 571
642876560433000000 106 572 553
642876561477000000 106 565 558
642876562427000000 106 543
642876563429000000 107 555 556
642876564427000000 108 551 548
642876565427000000 109 532 550
642876566429000000 109 535 535
642876567442000000 110 527 542
642876568427000000 111 526
642876569429000000 111 545 545
642876570427000000 111 554 553
642876571437000000 110 553 556
642876572433000000 109 561 555
642876573427000000 109 554
642876574427000000 109 544 560
642876575429000000 109 548 542
642876576426000000 109 546 547
642876577477000000 110 530 550
642876578428000000 110 539 545
642876579426000000 110 540 540
642876580478000000 110 542
642876581437000000 110 557 557
642876582427000000 109 554 567
642876583428000000 108 569 561
642876584429000000 108 563
642876585428000000 107 570 568
642876586429000000 107 554 571
642876587430000000 107 562 556
642876588427000000 107 562 564
642876589427000000 107 562
642876590428000000 107 563 565
642876591427000000 107 565 555
642876592426000000 107 573 560
642876593431000000 107 561
642876594480000000 107 560 552
642876595430000000 107 561 563
642876596430000000 107 547 564
642876597428000000 107 558 559
642876598442000000 107 560
642876599429000000 107 558 534
642876600432000000 108 558 552
642876601426000000 108 546 554
642876602429000000 109 552 549
642876603426000000 109 551
642876604428000000 109 544 559
642876605440000000 109 556 555
642876606427000000 108 570 576
642876607480000000 107 575
642876608477000000 106 570 586
642876609427000000 105 580 564
642876610488000000 105 580 571
642876611429000000 105 569 566
642876612427000000 105 560
642876613427000000 106 571 564
642876614486000000 106 553 567
642876615428000000 106 557 557
642876616426000000 107 563
642876617437000000 107 567 556
642876618429000000 107 575 569
642876619427000000 106 561 570
642876620452000000 106 572
642876621427000000 106 569 566
642876622427000000 106 563 562
642876623432000000 106 557 560
642876624428000000 107 558 553
642876625428000000 107 565
642876626436000000 107 559 563
642876627479000000 107 554 576
642876628426000000 107 568 566
642876629427000000 106 576
642876630427000000 106 579 569
642876631427000000 105 586 578
642876632427000000 105 574 573
642876633427000000 105 577
642876634427000000 105 553 573
642876635477000000 105 569 566
642876636488000000 105 569 576
642876637427000000 105 561
642876638427000000 105 570 568
642876639427000000 106 563 557
642876640427000000 106 557 547
642876641426000000 107 542 548
642876642430000000 108 549
642876643478000000 108 552 556
642876644427000000 108 571 579
642876645438000000 107 577 590
642876646427000000 106 604
642876647491000000 104 605 593
642876648429000000 102 611 604
642876649426000000 102 594
642876650427000000 101 594 591
642876651429000000 101 585 574
642876652427000000 102 585
642876653430000000 102 581 564
642876654427000000 103 589 577
642876655427000000 103 566 583
642876656427000000 104 577
642876657430000000 104 575 577
642876658426000000 104 580 573
642876659428000000 104 569 577
642876660478000000 104 574
642876661426000000 104 564 580
642876662426000000 105 567 565
642876663429000000 105 563 566
642876664428000000 105 563
642876665429000000 106 565 561
642876666479000000 106 560 568
642876667427000000 106 565 561
642876668477000000 106 567 567
642876669429000000 106 553
642876670427000000 107 559 560
642876671427000000 107 555 549
642876672429000000 108 556 559
642876673428000000 108 557
642876674427000000 108 565 571
642876675435000000 107 568 570
642876676490000000 106 577 577
642876677477000000 106 571
642876678427000000 105 579 574
642876679427000000 105 561 567
642876680437000000 105 567 561
642876681429000000 106 546 556
642876682429000000 107 553 543
642876683477000000 108 543
642876684429000000 109 531 534
642876685426000000 110 538 540
642876686477000000 111 538 540
642876687429000000 111 551 555
642876688479000000 110 547 562
642876689477000000 110 538
642876690479000000 109 560 552
642876691426000000 109 553 551
642876692426000000 109 554 563
642876693479000000 109 562
642876694426000000 108 562 563
642876695426000000 107 568 570
642876696429000000 107 564 573
642876697426000000 107 571
642876698426000000 106 564 572
642876699429000000 106 569 570
642876700426000000 106 563 564
642876701428000000 106 569 562
642876702435000000 106 554
642876703428000000 107 564 563
642876704427000000 107 555 566
642876705437000000 106 574 573
642876706427000000 106 554
642876707426000000 106 577 577
642876708435000000 105 573 565
642876709478000000 106 549 565
642876710427000000 106 552 536
642876711426000000 108 536 541
642876712427000000 109 537
642876713428000000 110 530 547
642876714438000000 110 543 543
642876715426000000 110 556 547
642876716428000000 110 565
642876717426000000 109 577 580
642876718427000000 107 589 564
642876719427000000 106 580 577
642876720427000000 105 567
642876721430000000 105 583 566
642876722427000000 105 565 561
642876723432000000 106 557 549
642876724428000000 107 548 543
642876725427000000 108 544 545
642876726489000000 109 545
642876727429000000 109 545 553
642876728428000000 109 547 550
642876729479000000 109 549 554
642876730429000000 109 557
642876731431000000 108 570 578
642876732436000000 107 584 578
642876733429000000 106 581 576
642876734478000000 105 575
642876735478000000 105 570 572
642876736429000000 105 567 570
642876737429000000 105 567 554
642876738440000000 106 569 566
642876739429000000 106 564
642876740427000000 106 566 566
642876741427000000 106 559 557
642876742427000000 106 567 562
642876743427000000 106 541
642876744429000000 107 563 564
642876745428000000 107 564 566
642876746430000000 107 564 562
642876747427000000 107 558 552
642876748429000000 107 559
642876749480000000 107 561 559
642876750497000000 107 563 560
642876751429000000 107 559 563
642876752427000000 107 561 557
642876753428000000 107 544
642876754429000000 108 555 559
642876755427000000 108 559 548
642876756427000000 108 565 574
642876757428000000 107 576
642876758427000000 106 576 582
642876759478000000 105 582 575
642876760429000000 105 583 574
642876761427000000 104 575
642876762478000000 105 558 565
642876763447000000 105 563 566
642876764479000000 106 564 569
642876765427000000 106 575
642876766477000000 106 553 581
642876767428000000 105 570 566
642876768428000000 105 568 561
642876769458000000 106 547 563
642876770427000000 107 560
642876771427000000 107 553 559
642876772440000000 107 559 559
642876773433000000 107 556 563
642876774427000000 107 560
642876775427000000 107 563 563
642876776427000000 107 563 556
642876777427000000 107 558 550
642876778439000000 108 551 550
642876779427000000 108 540 545
642876780427000000 109 548
642876781427000000 109 544 540
642876782480000000 109 558 551
642876783427000000 109 543 558
642876784427000000 109 556 540
642876785429000000 109 563
642876786427000000 109 557 538
642876787428000000 109 559 550
642876788429000000 109 542 544
642876789427000000 109 547 535
642876790499000000 110 554 543
642876791429000000 110 544
642876792489000000 110 537 549
642876793427000000 110 544 541
642876794429000000 110 541 549
642876795427000000 110 545 552
642876796427000000 110 547 556
642876797429000000 110 560
642876798428000000 109 559 560
642876799427000000 108 563 565
642876800433000000 108 561 561
642876801439000000 107 559 551
642876802429000000 108 540
642876803430000000 109 535 549
642876804428000000 109 535 536
642876805427000000 110 531 535
642876806430000000 111 530 538
642876807427000000 111 535 536
642876808427000000 112 537 521
642876809429000000 112 536 536
642876810427000000 112 526
642876811427000000 113 525 534
642876812429000000 113 529 509
642876813427000000 114 538 526
642876814427000000 114 512 507
642876815429000000 115 534 517
642876816427000000 115 521 521
642876817427000000 115 521 522
642876818429000000 115 522 516
642876819427000000 116 510 534
642876820427000000 115 513 517
642876821428000000 116 490 499
642876822427000000 118 511 508
642876823427000000 118 504 492
642876824429000000 119 488 495
642876825479000000 120 495 482
642876826427000000 121 482 486
642876827429000000 122 484 475
642876828427000000 123 478 500
642876829429000000 123 472 479
642876830428000000 124 481 471
642876831427000000 125 482 481
642876832427000000 125 480 483 479
642876833429000000 125 475 477
642876834427000000 125 478 474
642876835427000000 126 473 465
642876836429000000 127 466 477
642876837429000000 127 457 467
642876838429000000 128 463 462
642876839479000000 129 462 464
642876840427000000 129 465 463 463
642876841427000000 129 463 466
642876842426000000 129 468 468
642876843426000000 129 465 467
642876844427000000 129 470 470
642876845429000000 128 469 475
642876846427000000 128 475 475
642876847429000000 127 475 477
642876848429000000 126 479 479 482
642876849427000000 126 482 484
642876850437000000 125 486 486
642876851429000000 124 490 495
642876852427000000 123 499 505
642876853427000000 122 507 512
642876854429000000 121 518
642876855427000000 119 522 521
642876856427000000 118 524 528
642876857435000000 116 530 530
642876858479000000 115 533 539
642876859427000000 114 541 539
642876860476000000 113 541 543
642876861427000000 112 540
642876862427000000 112 539 540
642876863438000000 112 539 537
642876864427000000 112 536 537
642876865445000000 112 537 545
642876866438000000 111 552 563
642876867426000000 110 577
642876868427000000 108 576 584
642876869427000000 106 587 578
642876870427000000 106 577
642876871426000000 105 573 566
642876872426000000 105 563 552
642876873427000000 106 563 570
642876874426000000 106 590
642876875479000000 104 626 643
642876876427000000 102 659
642876877426000000 98 677 686
642876878476000000 96 664
642876879440000000 94 668 663
642876880426000000 93 652
642876881426000000 93 634 601
642876882430000000 95 600 603
642876883427000000 96 615
642876884427000000 96 630 633
642876885427000000 96 637
642876886426000000 95 646 657
642876887427000000 95 665
642876888427000000 94 647 650
642876889427000000 93 642 637
642876890427000000 93 636
642876891479000000 94 622 627
642876892427000000 94 621
642876893429000000 95 612 599
642876894430000000 97 599 595
642876895427000000 97 594
642876896427000000 99 593 595
642876897429000000 99 607 612
642876898427000000 99 611
642876899427000000 99 621 626
642876900429000000 98 637
642876901427000000 97 646 632
642876902428000000 96 647 651
642876903429000000 95 645
642876904427000000 95 633 632
642876905427000000 95 631
642876906432000000 95 633 640
642876907427000000 95 638
642876908478000000 94 644 649
642876909430000000 94 653 628
642876910427000000 94 638
642876911439000000 94 633 635
642876912428000000 94 631
642876913427000000 95 607 615
642876914427000000 95 618
642876915429000000 96 616 632
642876916429000000 96 650 664
642876917427000000 95 658
642876918429000000 94 656 664
642876919427000000 93 662
642876920427000000 92 663 656
642876921430000000 92 646
642876922428000000 92 638 636
642876923428000000 93 633
642876924480000000 93 630 631
642876925430000000 94 635
642876926427000000 94 642 654
642876927429000000 94 661
642876928427000000 93 659 657
642876929428000000 92 647 640
642876930430000000 93 639
642876931428000000 93 633 628
642876932427000000 93 622
642876933428000000 94 631 637
642876934430000000 94 653
642876935428000000 93 667 675
642876936429000000 93 677
642876937428000000 92 644 657
642876938477000000 92 661 646
642876939440000000 92 642
642876940428000000 93 615 624
642876941478000000 93
642876942439000000 93
642876943481000000 93
642876944428000000 93 618
642876945439000000 93
642876946427000000 93
642876947428000000 93
642876948428000000 93
642876949428000000 93
642876950428000000 0
642876951427000000 0
642876952427000000 0
642876953428000000 0
642876954428000000 0 619 3651
642876955427000000 95 10114
642876956428000000 96 692 397 698 353
642876957529000000 96
642876958428000000 97 1051 499
642876959430000000 97
642876960428000000 97 347 750 748 301
642876961430000000 98 349 353 379
642876962429000000 99 674
642876963427000000 102 343 305 602
642876964430000000 103 500 350
642876965428000000 103 552 498 297
642876966429000000 104 255
642876967431000000 104 700 476 421
642876968431000000 104 497
642876969429000000 104 352 599 498
642876970430000000 104 351 501 402
642876971431000000 104 295
642876972431000000 104 553 402
642876973432000000 104 1186 364
642876974481000000 104 350 298
642876975429000000 104 904 353
642876976433000000 104 554 351
642876977428000000 104 551 498
642876978428000000 105 552 288 409
642876979432000000 105 349
642876980434000000 106 344 553 399 299
642876981431000000 106 351
642876982430000000 106 699
642876983432000000 106 550
642876984428000000 106 348 851 698
642876985432000000 106 354 702 657
642876986431000000 106 444 349
642876987428000000 106 351
642876988431000000 106 878 321 400
642876989431000000 106 292
642876990480000000 106 1002 551
642876991432000000 106 398 354
642876992430000000 106 799 304 500
642876993430000000 106 548
642876994481000000 106 352 351 299 403
642876995431000000 106 351 399
642876996430000000 106 300 549 350
642876997430000000 106 275 425 350
642876998432000000 106 550
642876999430000000 106
642877000432000000 106 351 348 1197 352
642877001429000000 106 458
642877002431000000 106 439
642877003431000000 106 401 848 499 348
642877004428000000 106 504
642877005430000000 106 756 299 399
642877006431000000 106 352 551 300
642877007481000000 106
642877008429000000 106 1389 410
642877009434000000 106 446
642877010431000000 107 452 348 401 299
642877011428000000 108 350 400 300
642877012431000000 108 352 543 354
642877013432000000 108 380
642877014428000000 109 322 351
642877015431000000 109 346 501 502
642877016428000000 109 255 437 322 292
642877017428000000 109 349 356 342
642877018431000000 111 500 401
642877019429000000 112 289
642877020429000000 114 506 256 703 499
642877021481000000 114 354 351 449
642877022428000000 114 303 490
642877023480000000 114 551 500
642877024441000000 115 349 352 301
642877025429000000 115 450 346
642877026429000000 115 485
642877027441000000 115 825 438
642877028429000000 115 575 273
642877029429000000 115 745 356
642877030428000000 115 854 552
642877031428000000 115 499 272
642877032428000000 115 427 401
642877033429000000 115 350 497 551 295
642877034429000000 115 500
642877035429000000 115 404 352
642877036428000000 115 551 549
642877037431000000 115 299 551 551
642877038429000000 115 280 420
642877039429000000 115 501
642877040481000000 115 748 499 354 344
642877041428000000 115 255 298
642877042429000000 115 353
642877043481000000 115 699 699 551
642877044441000000 115 349
642877045429000000 115
642877046431000000 115 352
642877047431000000 115 848 1448 879
642877048430000000 115 314 353 343
642877049432000000 115 504 259 500
642877050430000000 115 353
642877051430000000 115 551 501
642877052431000000 117 550 702 549
642877053431000000 117 350
642877054431000000 119 351 499 404
642877055432000000 119 295 350 353
642877056482000000 120 348
642877057431000000 121 550 627
642877058431000000 121
642877059430000000 121
642877060433000000 122 273
642877061435000000 123 3284 425 399
642877062432000000 123 444 351
642877063431000000 124 548 599 453
642877064432000000 124 822
642877065429000000 124 426
642877066431000000 124 353 500 349 273
642877067430000000 124 277 345 405
642877068429000000 124 303 549 342
642877069431000000 125 357 349
642877070433000000 127 351 300 399
642877071431000000 128 351 338
642877072431000000 130 359 551 499
642877073482000000 131 352 254
642877074430000000 132 503 503
642877075430000000 132 343 348
642877076482000000 132 700 552 495
642877077431000000 132
642877078431000000 132 396
642877079433000000 133 502 551 1053 349
642877080431000000 134 353 351 397
642877081432000000 134 305
642877082430000000 135 550 699
642877083430000000 136 498 699
642877084431000000 136 349 401
642877085431000000 136 352 701
642877086432000000 136 500 702
642877087430000000 136 700 293 258
642877088431000000 136 347
642877089482000000 136 350 300 551 398
642877090433000000 136 500 331
642877091480000000 136 367
642877092432000000 136 646 805
642877093431000000 136 705
642877094480000000 134 843 553
642877095432000000 132 352 281 268
642877096428000000 132 500
642877097431000000 132 898
642877098432000000 132 747
642877099433000000 129 1001 550 352
642877100429000000 128 349 500
642877101433000000 127 552 500 347
642877102431000000 127 404 501
642877103431000000 127 608 289
642877104433000000 126 351 354
642877105431000000 128 344 349
642877106481000000 130 702 279 769
642877107433000000 131 351 256 296
642877108431000000 131 352 552 502
642877109433000000 126 550 269 331
642877110432000000 124 254 348
642877111431000000 123 551
642877112429000000 122 351 548
642877113433000000 121 497
642877114429000000 121 547 699 842
642877115429000000 121 353 383 357
642877116435000000 122 360
642877117431000000 123 700
642877118430000000 124 700 502 453
642877119432000000 125 651 347
642877120429000000 125 649 401
642877121429000000 125 288
642877122491000000 125 762
642877123429000000 126 1055
642877124433000000 126 551 410 637
642877125434000000 126 348 500 276 273
642877126444000000 126 700
642877127432000000 126 547
642877128442000000 126 501 351 553 301
642877129433000000 126 549 399
642877130431000000 126 501 550
642877131433000000 126 343 355 352
642877132429000000 127 348
642877133431000000 128 351
642877134432000000 129 1105 497
642877135429000000 130 694 703 551
642877136431000000 131 296
642877137436000000 131 405 549 500
642877138436000000 130 499
642877139482000000 127 551 499
642877140431000000 119 554 603 301
642877141480000000 114 298 401 349
642877142431000000 113 349
642877143431000000 114 352
642877144435000000 116 497 896 553
642877145430000000 117 1549
642877146429000000 118 350 550
642877147435000000 118 299 507
642877148429000000 119 443
642877149429000000 119 352 850
642877150436000000 119 551 501 339
642877151429000000 119 411
642877152429000000 119 352 747
642877153431000000 119 302 497 353 355
642877154431000000 121 343 901
642877155429000000 122 277 372
642877156431000000 123 397 354 349
642877157429000000 125 349 353 345
642877158429000000 127 403 351
642877159431000000 128 849 406
642877160429000000 128 343 300
642877161428000000 128 551 345
642877162432000000 129 355 550 351
642877163432000000 129 351 699
642877164429000000 129 352 499
642877165431000000 129 337 500 264 350
642877166429000000 129 351 349
642877167430000000 130 500
642877168432000000 132 350 700 281 270
642877169431000000 132 549 350
642877170431000000 133 500 353
642877171441000000 133 550 500
642877172482000000 130 551 549
642877173429000000 130 260 439
642877174431000000 130
642877175431000000 129 698 699 849 254
642877176429000000 127 298 352
642877177431000000 127 446 452
642877178428000000 127
642877179429000000 126 352 500
642877180429000000 126 1715 382
642877181432000000 126
642877182431000000 126 624
642877183429000000 126 1520 1507
642877184432000000 126 253 705
642877185429000000 125 280 420
642877186480000000 125 552 695
642877187432000000 125 352 399
642877188431000000 125 397 505 296
642877189429000000 125 349 355 293
642877190432000000 125 403 323
642877191430000000 125 503 423
642877192431000000 125 498 350 354
642877193431000000 125 553
642877194431000000 125 344 906
642877195431000000 125 604 397
642877196432000000 125 396 501 352
642877197431000000 125 550
642877198431000000 125 703 551 500
642877199482000000 125 351 549
642877200431000000 125 350 497
642877201430000000 125 299 450
642877202433000000 125 501 551 397
642877203429000000 125 502
642877204428000000 125 399
642877205479000000 125 449
642877206431000000 125 1596 352 400 298
642877207431000000 125
642877208432000000 125 502 551 548 349
642877209440000000 125 298
642877210431000000 124 404 845 558
642877211432000000 124 286 417
642877212431000000 124 352 349 450
642877213431000000 124 392 405
642877214434000000 124 498 550
642877215431000000 120 499 401
642877216431000000 116 352 350
642877217431000000 113 699 348 347
642877218441000000 114 356 348
642877219431000000 116 272 679
642877220432000000 116 647
642877221431000000 116 701
642877222430000000 116 350
642877223433000000 115 698 1083 669 346
642877224433000000 114 355
642877225429000000 115 551 351 350 353
642877226431000000 116 347
642877227432000000 119 550 349 350 353
642877228431000000 120 351
642877229431000000 123 698 298 309 292
642877230433000000 125 351 350
642877231431000000 126 496
642877232433000000 127 450 592
642877233433000000 128 558
642877234431000000 128 1252 698
642877235431000000 129 701
642877236432000000 129 502 699 354
642877237431000000 129 401
642877238479000000 129 701 500 350
642877239433000000 129 401 647
642877240431000000 129 552 347
642877241433000000 129 554 501
642877242433000000 125 550 401 297
642877243429000000 124 500
642877244429000000 123 351 804
642877245430000000 122 501 497
642877246433000000 121 343 501
642877247431000000 120 351 352
642877248433000000 120 632 271
642877249482000000 120 748
642877250479000000 120 993
642877251433000000 120 552 702 427 275
642877252431000000 120 351
642877253431000000 120 351 899 341
642877254432000000 121 356 351 553
642877255432000000 122 257
642877256431000000 123 792 352 298
642877257432000000 124 401
642877258431000000 124 499
642877259431000000 124 1101
642877260433000000 124 854 552
642877261431000000 124
642877262431000000 124 1086
642877263431000000 124 2051
642877264433000000 125 352 556 501
642877265431000000 125 349
642877266431000000 125 553 699 352
642877267431000000 125 348 701 300
642877268431000000 125 401
642877269431000000 125 547
642877270433000000 125 498 901
642877271481000000 125 349 759 290
642877272431000000 125 351 452 427
642877273433000000 125 372 351 281
642877274431000000 125 417
642877275428000000 125 298 402 352
642877276430000000 125 349 903
642877277431000000 125 552 498
642877278431000000 125 348 546
642877279432000000 125 696 352
642877280429000000 125 327 503
642877281432000000 125 420 500 347
642877282433000000 125 353
642877283431000000 125 350
642877284432000000 128 751 346 855 350
642877285434000000 128 554 352 388
642877286431000000 129 313
642877287433000000 129 350 347
642877288482000000 130 353 896
642877289431000000 131 266
642877290430000000 132 1185 648
642877291442000000 132 686 713
642877292431000000 130 354 348
642877293431000000 132 354 353 550
642877294433000000 132
642877295432000000 133 550 700 498
642877296433000000 134 626 277 350
642877297433000000 135 349 353 349 274
642877298431000000 135
642877299433000000 136 278
642877300433000000 137 1052 346 700
642877301430000000 137
642877302431000000 137 896 512 550 271 317
642877303481000000 137
642877304483000000 138 603 1153
642877305432000000 138
642877306433000000 138 640 1305
642877307431000000 138 455
642877308431000000 138 349 726 324
642877309432000000 138 402 845
642877310435000000 138 253 447
642877311429000000 138 348 547 298 446
642877312430000000 138 311
642877313433000000 138 701 352 263 317
642877314432000000 138 272
642877315429000000 138 554 377 324
642877316433000000 138 551 349
642877317433000000 139 350 348 499
642877318431000000 140 349 401
642877319432000000 140 698
642877320431000000 140 350 843 357
642877321480000000 141 349 352
642877322432000000 142 400 351 351
642877323432000000 143 698 503
642877324445000000 143 351 552 270
642877325433000000 143 429
642877326431000000 144 701 350 284 263
642877327429000000 144 351 349
642877328432000000 144 702 351 264
642877329430000000 144 434
642877330429000000 144 697
642877331432000000 144 1055 551
642877332430000000 144 499 351
642877333430000000 144 749
642877334431000000 144 349 357 691
642877335430000000 144 499 334 367
642877336428000000 144 398
642877337483000000 144 353 501 450
642877338431000000 144 448 350
642877339430000000 144 302 601 298
642877340432000000 144 400 505 346
642877341430000000 144 551
642877342428000000 144 500 350 346 353
642877343432000000 145 352 294 336
642877344430000000 146 273 550
642877345429000000 146 354 347 350
642877346432000000 147 349 354
642877347430000000 148 551 349
642877348430000000 149 499 351 388
642877349431000000 149 711 294
642877350431000000 149 496 508 399
642877351428000000 149 263 288 354
642877352431000000 149 398 352
642877353431000000 149 298 694 358
642877354482000000 149
642877355392000000 150 399 349 747
642877356429000000 150 549 384 414
642877357430000000 150
642877358478000000 150 354 988 506
642877359483000000 150 604 552
642877360432000000 149 501
642877361429000000 147 554 553 275
642877362435000000 147 772
642877363431000000 146 347 507 350
642877364431000000 146 348 354
642877365432000000 146 551
642877366430000000 146 651
642877367432000000 144 757 699 351
642877368433000000 142 696 296
642877369431000000 141 647 646
642877370483000000 140 700 552
642877371433000000 139 499
642877372430000000 138 297 802 351
642877373432000000 138 352 348
642877374432000000 139 354 499
642877375432000000 139 552
642877376431000000 140 347
642877377433000000 140 346
642877378432000000 140 1151 796 1056
642877379431000000 138 351 549
642877380433000000 136 602 449 352
642877381431000000 135 499
642877382433000000 135 701 348
642877383433000000 134 555 354 348
642877384431000000 136 351 291 259
642877385432000000 137 598 446 351
642877386433000000 137 501
642877387483000000 138 404 346 354
642877388432000000 138 281
642877389433000000 138 416 351 848 405
642877390431000000 138 292
642877391432000000 138 400 497
642877392433000000 138 329 925 350
642877393433000000 138 579
642877394431000000 138 469 266 282
642877395432000000 138 656
642877396432000000 138 1098 351
642877397433000000 138 701 553
642877398384000000 138 503 449
642877399433000000 138 449 350
642877400432000000 138 597 501
642877401395000000 138
642877402433000000 138 443 1453
642877403483000000 138 704 426 273
642877404432000000 138 352
642877405432000000 138 500 699 401
642877406434000000 138 499 354 347
642877407444000000 138 552 499
642877408433000000 138 400
642877409431000000 138 299
642877410542000000 138 550 551
642877411432000000 138 598
642877412432000000 138
642877413384000000 137 1710 1196
642877414436000000 136 697 351 547
642877415393000000 136
642877416432000000 136 848 552 356
642877417432000000 136 342
642877418431000000 134 550 501 553
642877419384000000 132 501
642877420483000000 132 750 504
642877421432000000 132 342 354 599
642877422432000000 132 445 349
642877423436000000 131 552 354 549
642877424431000000 131 353 698
642877425432000000 131 347
642877426433000000 131 502 443 258 351
642877427433000000 131 398 352
642877428432000000 131 349 700
642877429384000000 131 343 272
642877430432000000 131 785 351
642877431432000000 131 700 399
642877432384000000 131 441
642877433393000000 131 907 602
642877434432000000 131 450 401
642877435432000000 131 695 353
642877436481000000 131 697 277 424
642877437380000000 131 354 349
642877438387000000 131 549
642877439380000000 131 702 851
642877440432000000 131 702
642877441429000000 128 503 400 347 352
642877442380000000 128 349
642877443392000000 129 898 499
642877444391000000 130 349 600
642877445380000000 131 303 697
642877446380000000 131 549 327
642877447432000000 131 502 509
642877448380000000 131 415
642877449379000000 132 700 409
642877450433000000 132 641 354 696
642877451380000000 132 345
642877452380000000 132 352 749 502 383
642877453392000000 132 316 555
642877454380000000 132 348 290
642877455383000000 132
642877456482000000 132 409 1251 501
642877457380000000 132 550 303
642877458380000000 132 397 498 551
642877459391000000 132 298
642877460380000000 132 401
642877461380000000 132 548 1199 348
642877462432000000 132 354 442 307
642877463433000000 132 301
642877464432000000 132 552
642877465432000000 132 1244 350 254
642877466381000000 132 798 353
642877467381000000 132 399
642877468379000000 132 854 299 336
642877469381000000 132 412 354
642877470381000000 132 351 699
642877471381000000 132 349 704
642877472392000000 132 550 494 354
642877473432000000 132 272 276
642877474381000000 132 499 650
642877475393000000 132 595
642877476382000000 132 355 773 628
642877477382000000 132 301 400
642877478393000000 132 397 354 348
642877479393000000 134 352 501 450
642877480380000000 134
642877481398000000 135 698 600 451
642877482381000000 135 499
642877483432000000 136 299 551 350 283
642877484384000000 136 567
642877485380000000 136 350 703
642877486380000000 136 555
642877487398000000 136 354 445 601 351 348
642877488393000000 136 273 275
642877489432000000 136 350 383
642877490401000000 136 317 351 344
642877491382000000 136 355
642877492381000000 138 346 552 1055
642877493384000000 138 549 501
642877494380000000 139 397 500 277
642877495380000000 139 323 452
642877496384000000 139 498 349
642877497392000000 139
642877498380000000 139 449 646
642877499392000000 139 825 508
642877500384000000 140 767 897 502
642877501380000000 140
642877502396000000 140 1053 354 349
642877503380000000 140 353
642877504380000000 141 552 349
642877505380000000 142 548 349
642877506482000000 142 704 1049 253
642877507380000000 142
642877508380000000 142 1146 379
642877509386000000 143 505 365 402
642877510380000000 143 446 812
642877511429000000 143 512
642877512392000000 143 281 351
642877513382000000 143 700 351 336 363
642877514430000000 144 350 299
642877515393000000 145 506 296 501
642877516381000000 144 551 547
642877517379000000 143 292 358
642877518384000000 143 478 311
642877519382000000 142 463
642877520484000000 142 449
642877521383000000 142 1519 500 549
642877522432000000 141 346 348
642877523381000000 142 352 349
642877524430000000 143 496 547
642877525382000000 144 346 555 298 399
642877526384000000 144 350 351
642877527384000000 144 550
642877528384000000 144 698 697
642877529380000000 145 502 352 289
642877530386000000 145 264 348
642877531380000000 145 550 344
642877532380000000 145 354 500 552
642877533392000000 145 351 350
642877534432000000 145 552 376 323
642877535380000000 145 499 549
642877536383000000 144 549
642877537382000000 144 999
642877538382000000 143 1105 572
642877539434000000 142 275
642877540380000000 142 550 350 352 350
642877541380000000 143 347 354
642877542392000000 144 349 901
642877543393000000 145 498 398 301
642877544379000000 145 350 352
642877545380000000 145 279
642877546392000000 145 1318
642877547380000000 146 359 1257
642877548380000000 146 341 264 280
642877549443000000 146 400 353
642877550381000000 146 645 402
642877551382000000 146 648 286
642877552392000000 146
642877553382000000 146
642877554382000000 146 768
642877555433000000 146 549
642877556382000000 146 2438 281
642877557380000000 146 1341
642877558384000000 146 1034 349 498
642877559382000000 146 350 350
642877560392000000 146 557 399 300
642877561432000000 146 551 398
642877562382000000 146 299
642877563382000000 146
642877564441000000 146 501 1944
642877565382000000 146
642877566393000000 146 739 863 552
642877567392000000 146 298 354
642877568382000000 146 979
642877569381000000 146 271 553 351 348
642877570384000000 147 354 349 296 406
642877571382000000 148 352 256
642877572431000000 148 295 497
642877573382000000 148 550 396
642877574381000000 148 295 498 496
642877575432000000 148
642877576382000000 147 503 859 293 255
642877577386000000 146 604 342 354
642877578382000000 147 351 352
642877579378000000 148 551 352 348
642877580384000000 148 551 345
642877581380000000 148 498 357
642877582382000000 148
642877583385000000 149 550 1399 352
642877584393000000 149 289 262
642877585382000000 149 698 449
642877586392000000 149 400 308 395
642877587380000000 149 551 552
642877588430000000 149 346
642877589432000000 148 499 550 498
642877590382000000 147 551 347
642877591382000000 147 353 550
642877592384000000 146 699 499
642877593381000000 146 552 349
642877594382000000 146 274 275 502
642877595385000000 146 449 449 341
642877596380000000 146 409 299
642877597384000000 146 500
642877598402000000 145 552 550 349
642877599382000000 144 356
642877600380000000 143 696 700 638
642877601384000000 142 413
642877602380000000 142
642877603382000000 141 350
642877604386000000 139 887 1200 706 351
642877605434000000 138 276 277
642877606382000000 138 748
642877607381000000 138 849 347 355
642877608383000000 139 349 498
642877609381000000 140 351 401
642877610385000000 140 697 297
642877611432000000 141 404 330 371 351
642877612381000000 142 350 354
642877613380000000 143 351 552
642877614384000000 143 501 351 551
642877615385000000 144 350 501 299
642877616382000000 144 253 350 348
642877617434000000 144 549
642877618380000000 144 350
642877619382000000 144
642877620385000000 144
642877621433000000 144 700
642877622382000000 144
642877623384000000 144
642877624383000000 144 3682 1759 502 281
642877625432000000 144 273 349
642877626385000000 144 701 600
642877627380000000 144 299 351 701
642877628382000000 144 500
642877629382000000 144 260 294 349 551
642877630392000000 145 350 351 350
642877631380000000 146 284 564
642877632383000000 146 351 398
642877633380000000 146 498 551
642877634379000000 145 501 551 300
642877635383000000 145 307 442
642877636380000000 144 575 499
642877637380000000 144
642877638433000000 144 501
642877639394000000 144 870
642877640384000000 144 548 1248 882
642877641383000000 144 324
642877642382000000 144 551 551
642877643381000000 144 348 854 500
642877644430000000 144 551
642877645383000000 143 552 552
642877646383000000 141 262 439 300
