timestamp hr
643900161655000000 85 694 708
643900162651000000 85 727
643900163651000000 85 723
643900164664000000 85 782
643900165654000000 83 800 768
643900166651000000 83 767
643900167672000000 82 751
643900168652000000 82 750 706
643900169664000000 82 689
643900170652000000 82 689
643900171654000000 83 718 794
643900172752000000 83 848
643900173705000000 81 792
643900174652000000 80 736 699
643900175702000000 81 709
643900176653000000 81 727 725
643900177652000000 82 702
643900178752000000 82 685 663
643900179666000000 83 643
643900180652000000 85 625 623
643900181652000000 88 627 621
643900182652000000 89 652
643900183664000000 90 681
643900184653000000 90 788
643900185654000000 89 950
643900186651000000 82 914
643900187652000000 77 893
643900188652000000 75 895 885
643900189651000000 75 803
643900190652000000 74 783
643900191664000000 74 779
643900192663000000 75 795 779
643900193652000000 75 790
643900194652000000 75 783 715
643900195652000000 76 727
643900196652000000 76 723
643900197664000000 78 736 697
643900198652000000 78 669
643900199652000000 80 690 701
643900200652000000 81 720
643900201664000000 81 714
643900202651000000 82 729 745
643900203664000000 82 726
643900204652000000 82 712
643900205651000000 82 716 739
643900206654000000 82 741
643900207653000000 82 728 744
643900208702000000 82 753
643900209663000000 82 725
643900210652000000 82 722 730
643900211652000000 82 735
643900212652000000 82 718
643900213652000000 82 722 724
643900214652000000 82 725
643900215701000000 82 704 711
643900216653000000 83 697
643900217652000000 83 695 688
643900218652000000 84 701
643900219652000000 84 707
643900220651000000 84 688 693
643900221752000000 85 701
643900222705000000 85 681 688
643900223652000000 85 700
643900224664000000 86 712 703
643900225755000000 85 707
643900226652000000 85 707
643900227652000000 85 721 720
643900228651000000 85 729
643900229653000000 85 734
643900230652000000 84 737 698
643900231652000000 84 729
643900232652000000 84 716 687
643900233652000000 84 693
643900234652000000 85 688 666
643900235652000000 85 688
643900236652000000 86 706
643900237652000000 86 709 744
643900238654000000 85 778
643900239652000000 84 757
643900240652000000 83 782 796
643900241702000000 82 781
643900242652000000 82 771
643900243653000000 81 750 696
643900244652000000 81 693
643900245653000000 82 678 667
643900246652000000 83 662
643900247652000000 85 664 656
643900248652000000 85 658
643900249652000000 87 676 688
643900250653000000 87 726
643900251651000000 87 758
643900252652000000 86 845
643900253652000000 83 830 834
643900254652000000 82 801
643900255652000000 81 755
643900256652000000 80 760 751
643900257652000000 80 753
643900258704000000 80 731
643900259652000000 80 775
643900260652000000 80 842
643900261655000000 79 838 854
643900262651000000 78 857
643900263652000000 77 771
643900264652000000 77 744 737
643900265652000000 77 757
643900266652000000 78 726
643900267652000000 78 747 768
643900268652000000 79 761
643900269652000000 79 761
643900270652000000 79 756 767
643900271753000000 79 673
643900272652000000 80 707 666
643900273653000000 81 657
643900274702000000 83 655 651
643900275651000000 85 635 615
643900276652000000 86 619
643900277652000000 89 619 611
643900278653000000 92 607 606
643900279652000000 93 606
643900280652000000 95 601 589
643900281651000000 97 593 592
643900282655000000 98 591
643900283652000000 99 589 590
643900284664000000 100 600 609
643900285652000000 100 612
643900286653000000 99 627 646
643900287652000000 98 660
643900288654000000 96 672 681
643900289652000000 94 689
643900290654000000 92 686 669
643900291702000000 92 644
643900292652000000 92 604 631
643900293702000000 94 589 578
643900294654000000 97 560 561
643900295653000000 99 552
643900296653000000 103 546 538
643900297652000000 106 538 535
643900298652000000 108 529 534
643900299652000000 110 539 535
643900300656000000 110 538 534
643900301653000000 111 537 540
643900302651000000 111 545 539
643900303651000000 111 538
643900304652000000 111 534 552
643900305652000000 111 554 565
643900306655000000 109 555 588
643900307716000000 108 574
643900308653000000 107 585 599
643900309653000000 106 636
643900310653000000 104 671
643900311652000000 95 731 769
643900312654000000 90 781
643900313652000000 88 769
643900314652000000 85 778 768
643900315651000000 84 750
643900316664000000 84 783
643900317652000000 82 795 741
643900318655000000 82 709
643900319652000000 82 691 689
643900320753000000 83 670
643900321655000000 84 651 623
643900322652000000 86 619
643900323651000000 88 623 608
643900324706000000 91 597 601
643900325664000000 94 591 581
643900326652000000 95 574
643900327653000000 98 570 564
643900328653000000 101 567 571
643900329653000000 102 573
643900330655000000 102 603 671
643900331653000000 101 681
643900332653000000 98 713
643900333653000000 94 737 746
643900334652000000 91 763
643900335652000000 88 737 686
643900336656000000 88 680
643900337653000000 88 659 636
643900338653000000 89 631
643900339665000000 90 625 618
643900340703000000 92 618 596
643900341652000000 94 597 588
643900342654000000 96 586
643900343652000000 98 571 568
643900344655000000 100 576 582
643900345652000000 101 617
643900346652000000 101 680
643900347651000000 99 771
643900348654000000 93 854
643900349652000000 84 848 853
643900350651000000 83 849
643900351651000000 81 769
643900352651000000 80 741 711
643900353654000000 81 677
643900354654000000 82 654 646
643900355652000000 83 658
643900356652000000 85 655 681
643900357702000000 86 744
643900358652000000 86 766
643900359652000000 84 742 738
643900360654000000 84 720
643900361652000000 84 700 707
643900362654000000 84 725
643900363652000000 84 729
643900364653000000 84 704 709
643900365652000000 84 731
643900366651000000 84 736
643900367652000000 83 725 754
643900368652000000 83 767
643900369652000000 82 733 724
643900370653000000 82 715
643900371653000000 83 699 675
643900372714000000 83 683
643900373705000000 84 716
643900374702000000 84 734
643900375653000000 84 734 803
643900376652000000 83 833
643900377662000000 82 783
643900378654000000 81 763 766
643900379652000000 80 747
643900380652000000 80 719
643900381652000000 81 737 763
643900382652000000 81 711
643900383652000000 81 687 676
643900384654000000 83 655 640
643900385652000000 84 643
643900386652000000 85 653
643900387652000000 87 673 674
643900388652000000 87 702
643900389652000000 87 742
643900390713000000 86 761 753
643900391652000000 85 752
643900392652000000 84 734 709
643900393651000000 84 704
643900394652000000 84 706 694
643900395652000000 84 667
643900396665000000 85 662 645
643900397651000000 86 633
643900398652000000 88 642 628
643900399652000000 90 626 615
643900400652000000 91 625
643900401651000000 93 615 603
643900402657000000 95 593 589
643900403652000000 96 597
643900404651000000 97 606 624
643900405652000000 97 657
643900406702000000 97 688
643900407652000000 94 717 736
643900408661000000 92 769
643900409652000000 90 800
643900410652000000 87 738 754
643900411652000000 86 736
643900412652000000 85 704
643900413653000000 85 713 727
643900414664000000 85 794
643900415652000000 84 777
643900416652000000 83 799
643900417660000000 82 875
643900418652000000 80 860 807
643900419652000000 79 792
643900420655000000 79 774
643900421652000000 79 738 747
643900422716000000 79 763
643900423702000000 79 743
643900424651000000 79 774 806
643900425653000000 79 815
643900426703000000 78 804
643900427652000000 78 742 738
643900428655000000 78 730
643900429652000000 78 723
643900430652000000 79 702 716
643900431702000000 80 711
643900432669000000 81 712 705
643900433652000000 81 710
643900434654000000 82 732
643900435654000000 82 757 745
643900436653000000 81 739
643900437653000000 82 706 686
643900438672000000 82 699
643900439705000000 83 700
643900440668000000 83 710 695
643900441653000000 83 716
643900442652000000 84 716 695
643900443652000000 84 680
643900444669000000 85 677 671
643900445655000000 85 647
643900446654000000 87 634 636
643900447654000000 88 645
643900448653000000 89 654 661
643900449654000000 90 665
643900450677000000 90 685 705
643900451653000000 89 688
643900452655000000 88 688 693
643900453652000000 88 698
643900454656000000 88 685 681
643900455653000000 88 679
643900456718000000 88 677
643900457654000000 88 688 718
643900458653000000 88 719
643900459654000000 87 695 694
643900460653000000 87 659 631
643900461654000000 88 618
643900462653000000 90 606 598
643900463667000000 93 590 588
643900464654000000 95 587
643900465654000000 97 588 584
643900466653000000 99 588 596
643900467652000000 99 603
643900468655000000 100 606 612
643900469653000000 99 622
643900470655000000 98 642 631
643900471652000000 97 636 632
643900472703000000 96 630
643900473652000000 96 613 626
643900474653000000 96 634
643900475708000000 96 655 646
643900476653000000 95 662
643900477654000000 94 652 630
643900478654000000 94 629 616
643900479652000000 94 606
643900480653000000 96 604 607
643900481652000000 97 606 612
643900482653000000 97 613
643900483653000000 97 614 619
643900484653000000 97 624
643900485653000000 97 623 624
643900486652000000 97 627 610
643900487653000000 97 615
643900488655000000 97 612 610
643900489702000000 97 613
643900490652000000 97 622 634
643900491653000000 97 651
643900492703000000 96 649 677
643900493655000000 95 703
643900494652000000 93 736
643900495652000000 90 742 747
643900496654000000 89 754
643900497654000000 86 752 724
643900498653000000 86 723
643900499657000000 85 716
643900500656000000 85 698 696
643900501652000000 85 723
643900502653000000 85 753
643900503653000000 84 744 742
643900504652000000 84 738
643900505656000000 83 702 687
643900506653000000 84 684
643900507653000000 85 682 686
643900508652000000 85 721
643900509667000000 85 754
643900510653000000 85 773
643900511654000000 83 776 786
643900512656000000 82 778
643900513653000000 82 759
643900514652000000 81 757 758
643900515653000000 81 726
643900516654000000 81 740
643900517657000000 81 748 733
643900518653000000 81 750
643900519655000000 81 748 719
643900520652000000 81 686
643900521653000000 82 691 682
643900522703000000 83 682
643900523664000000 83 704
643900524706000000 84 732
643900525655000000 83 780 775
643900526653000000 82 788
643900527653000000 81 792 739
643900528653000000 81 693
643900529658000000 82 653 639
643900530653000000 83 647
643900531654000000 84 666
643900532668000000 85 717 776
643900533652000000 85 774
643900534653000000 84 780
643900535654000000 83 784
643900536654000000 82 750 784
643900537654000000 81 785
643900538653000000 81 762 748
643900539653000000 80 733
643900540656000000 81 716
643900541655000000 81 720 714
643900542654000000 81 729
643900543654000000 82 723 730
643900544655000000 82 721
643900545654000000 82 672 660
643900546704000000 83 638
643900547660000000 86 617 618
643900548655000000 89 618 619
643900549655000000 90 616
643900550653000000 92 621 625
643900551654000000 92 643
643900552652000000 93 646 641
643900553656000000 93 633
643900554654000000 94 618 608
643900555714000000 95 602 608
643900556659000000 96 609
643900557652000000 97 611 608
643900558664000000 97 609 586
643900559673000000 99 576 561
643900560655000000 102 550 546
643900561652000000 103 547
643900562652000000 105 558 572
643900563652000000 105 580 585
643900564702000000 105 592
643900565654000000 104 589 586
643900566652000000 103 579 584
643900567652000000 103 586
643900568653000000 103 592 607
643900569655000000 101 627 645
643900570652000000 100 639
643900571664000000 98 651 639
643900572652000000 97 627
643900573652000000 96 631 628
643900574653000000 96 626 620
643900575703000000 96 617
643900576653000000 96 625 629
643900577664000000 96 651
643900578654000000 95 653 653
643900579653000000 95 650
643900580652000000 94 636 633
643900581652000000 94 625 621
643900582652000000 95 615
643900583665000000 95 616 615
643900584653000000 96 616
643900585653000000 96 614 616
643900586653000000 97 615 620
643900587653000000 97 622
643900588703000000 97 616 625
643900589655000000 97 629
643900590653000000 96 642 638
643900591652000000 96 638
643900592655000000 95 650 667
643900593653000000 94 649 641
643900594652000000 94 644
643900595655000000 94 670
643900596652000000 92 686 700
643900597653000000 92 709
643900598653000000 90 703 680
643900599653000000 89 664
643900600652000000 90 641 629
643900601666000000 91 624 619
643900602652000000 92 621
643900603653000000 93 629 647
643900604652000000 93 669
643900605702000000 93 684
643900606652000000 91 697 717
643900607654000000 90 725
643900608652000000 88 712 664
643900609652000000 89 631 604
643900610653000000 90 607
643900611653000000 93 613 643
643900612652000000 93 666
643900613665000000 93 691
643900614713000000 91 739 748
643900615653000000 89 729
643900616653000000 87 733 723
643900617653000000 87 693
643900618653000000 86 695
643900619664000000 86 691 714
643900620653000000 86 711
643900621703000000 85 752 755
643900622704000000 85 726
643900623703000000 84 708
643900624664000000 84 712 707
643900625665000000 84 699
643900626652000000 85 666 661
643900627653000000 86 639 638
643900628652000000 87 629
643900629653000000 89 631 645
643900630653000000 90 648
643900631661000000 90 668
643900632653000000 90 688 715
643900633652000000 90 731
643900634653000000 88 728 747
643900635654000000 87 718
643900636653000000 86 702
643900637669000000 86 678 679
643900638705000000 86 688
643900639653000000 87 669 677
643900640653000000 87 674
643900641653000000 88 681 675
643900642653000000 88 693
643900643665000000 88 693 702
643900644654000000 87 691
643900645653000000 87 723
643900646653000000 86 727 714
643900647703000000 86 710 677
643900648653000000 86 629
643900649663000000 87 627
643900650653000000 88 631
643900651653000000 89 680 784
643900652653000000 88 951
643900653653000000 82 898
643900654703000000 77 915
643900655663000000 76 886
643900656663000000 75 823 813
643900657654000000 75 801
643900658653000000 75 797
643900659653000000 75 842
643900660653000000 74 901
643900661664000000 74 924
643900662652000000 73 938
643900663654000000 72 940
643900664653000000 71 892 860
643900665652000000 71 869
643900666652000000 70 823
643900667665000000 71 799
643900668653000000 71 844
643900669653000000 71 888 828
643900670665000000 71 841
643900671703000000 71 860
643900672653000000 71 789
643900673652000000 72 792 810
643900674708000000 72 813
643900675653000000 72 749
643900676653000000 73 748 762
643900677653000000 74 776
643900678653000000 74 757
643900679703000000 75 795
643900680653000000 75 822
643900681653000000 75 794 784
643900682653000000 75 794
643900683653000000 75 773 720
643900684655000000 76 736
643900685653000000 76 756
643900686653000000 77 793
643900687703000000 77 769 794
643900688652000000 77 793
643900689655000000 77 777
643900690653000000 77 761 763
643900691653000000 77 748
643900692653000000 77 729
643900693656000000 78 731 745
643900694653000000 78 799
643900695653000000 78 786
643900696653000000 78 850
643900697653000000 78 858
643900698653000000 76 807 794
643900699653000000 76 788
643900700653000000 76 777
643900701653000000 76 773 787
643900702662000000 76 803
643900703653000000 76 775
643900704704000000 76 787
643900705653000000 76 803 781
643900706652000000 76 764
643900707653000000 77 743 709
643900708653000000 77 681
643900709653000000 79 660 641
643900710653000000 81 622
643900711653000000 84 625 638
643900712653000000 85 680
643900713653000000 86 739
643900714653000000 86 806
643900715655000000 84 771 805
643900716654000000 83 792
643900717653000000 82 798
643900718653000000 81 770
643900719653000000 80 791 842
643900720703000000 80 854
643900721653000000 79 852
643900722653000000 78 852
643900723653000000 76 852 796
643900724703000000 76 767
643900725703000000 76 746
643900726653000000 77 715 739
643900727652000000 78 778
643900728652000000 78 793
643900729653000000 78 833
643900730653000000 77 856
643900731653000000 76 847 787
643900732653000000 76 774
643900733658000000 76 748 740
643900734653000000 77 702
643900735654000000 77 713
643900736653000000 79 721 759
643900737703000000 79 764
643900738653000000 79 795
643900739654000000 79 834
643900740653000000 78 869
643900741653000000 77 851 821
643900742653000000 76 757
643900743653000000 76 743
643900744652000000 77 729 748
643900745653000000 77 730
643900746653000000 78 722
643900747653000000 79 691 719
643900748665000000 80 832
643900749653000000 79 770 723
643900750653000000 79 691
643900751653000000 80 681 668
643900752653000000 81 646
643900753705000000 84 640 650
643900754653000000 85 672
643900755653000000 86 730
643900756653000000 86 803
643900757666000000 85 946
643900758653000000 80 977
643900759654000000 75 929
643900760653000000 74 908
643900761653000000 73 902 874
643900762665000000 72 821
643900763653000000 72 779
643900764653000000 73 766 759
643900765654000000 73 769
643900766654000000 74 790
643900767653000000 74 821
643900768652000000 74 824 863
643900769652000000 74 794
643900770719000000 74 754
643900771666000000 74 756
643900772654000000 75 795
643900773653000000 75 858 812
643900774653000000 74 767
643900775653000000 75 748 745
643900776706000000 76 752
643900777654000000 76 746
643900778653000000 77 720 716
643900779654000000 78 715
643900780666000000 79 722 723
643900781653000000 79 708
643900782655000000 80 721
643900783653000000 80 731
643900784653000000 80 772
643900785655000000 80 833 879
643900786703000000 79 865
643900787653000000 78 834
643900788655000000 77 786 737
643900789654000000 77 718
643900790653000000 78 711
643900791654000000 78 730
643900792654000000 79 758 803
643900793664000000 79 875
643900794665000000 78 878
643900795654000000 77 877
643900796654000000 75 866 838
643900797653000000 75 778
643900798654000000 75 722
