timestamp hr
643902021486000000 78 839
643902022509000000 77 808
643902023488000000 76 847 820
643902024487000000 76 796
643902025487000000 76 808
643902026498000000 76 854
643902027486000000 75 772 782
643902028490000000 75 817
643902029488000000 75 816
643902030489000000 75 789 787
643902031487000000 75 768
643902032487000000 75 741
643902033487000000 76 768
643902034487000000 76 761 745
643902035487000000 77 813
643902036487000000 77 689
643902037488000000 78 789 784
643902038487000000 77 823
643902039487000000 77 837
643902040487000000 77 767 751
643902041487000000 77 728
643902042487000000 78 695 676
643902043537000000 79 666
643902044487000000 80 673
643902045488000000 82 678 723
643902046537000000 82 801
643902047538000000 82 852
643902048490000000 81 838
643902049488000000 80 868
643902050488000000 78 858 790
643902051489000000 77 747
643902052487000000 77 754
643902053488000000 78 749 773
643902054489000000 78 800
643902055487000000 78 761
643902056487000000 78 745 735
643902057487000000 78 722
643902058489000000 79 716
643902059489000000 80 720 735
643902060487000000 80 727
643902061487000000 80 734 723
643902062487000000 81 724
643902063487000000 81 713
643902064487000000 81 716 727
643902065487000000 82 722
643902066487000000 82 719
