timestamp hr
643901890490000000 76 802
643901891488000000 76 758 724
643901892487000000 77 711
643901893487000000 78 697 676
643901894540000000 79 687
643901895537000000 81 697 718
643901896492000000 81 714
643901897487000000 81 727
643901898499000000 82 746
643901899491000000 81 744 784
643901900487000000 81 831
643901901487000000 80 884
643901902487000000 79 804
643901903489000000 78 812 802
643901904487000000 78 777
643901905487000000 78 755
643901906487000000 78 768
643901907488000000 78 806 813
643901908487000000 77 831
643901909486000000 77 833
643901910486000000 76 831 757
643901911536000000 76 722
643901912489000000 76 712
643901913486000000 78 706 740
643901914486000000 78 744
643901915486000000 79 754
643901916486000000 79 770 806
643901917489000000 79 737
643901918491000000 79 714 668
643901919487000000 80 637
643901920487000000 82 617 641
643901921537000000 84 680
643901922487000000 85 786
643901923486000000 84 826
643901924486000000 82 797 764
643901925486000000 82 739
643901926489000000 81 722 691
643901927545000000 82 675
643901928486000000 83 685
643901929486000000 83 725 775
643901930486000000 83 775
643901931488000000 82 749 719
643901932486000000 82 706
643901933493000000 83 686 642
643901934486000000 84 655
643901935489000000 86 632 632
643901936488000000 87 658
643901937487000000 88 761
643901938488000000 87 882
643901939499000000 85 883
643901940487000000 79 879
643901941487000000 77 854 825
643901942487000000 77 788
643901943487000000 76 789
643901944536000000 76 833
643901945489000000 76 854 832
643901946539000000 75 824
643901947486000000 75 802
643901948486000000 75 834
643901949489000000 75 824
643901950487000000 74 870
643901951489000000 74 892
643901952487000000 73 882 855
643901953487000000 73 901
643901954487000000 72 923
643901955487000000 71 858
643901956486000000 71 872
643901957487000000 71 869
643901958490000000 71 854 855
643901959488000000 71 852
643901960486000000 71 829
643901961487000000 71 824
643901962486000000 71 828 793
643901963489000000 71 783
643901964487000000 72 779
643901965486000000 73 738 765
643901966486000000 74 758
643901967486000000 74 735
643901968485000000 75 747
643901969490000000 76 767 790
643901970486000000 76 756
643901971486000000 76 768
643901972486000000 76 780 784
643901973486000000 77 771
643901974486000000 77 795
643901975490000000 77 806
643901976486000000 76 762 800
643901977539000000 76 820
643901978487000000 76 813
643901979487000000 76 829
643901980499000000 76 877
643901981498000000 75 867
643901982486000000 74 849 858
643901983487000000 74 869
643901984487000000 73 816
643901985486000000 73 843
643901986487000000 73 885
643901987489000000 73 851
643901988487000000 72 892 869
643901989487000000 72 803
643901990486000000 72 821
643901991487000000 72 829
643901992487000000 72 789 826
643901993489000000 72 825
643901994486000000 72 782
643901995487000000 73 783 780
643901996486000000 73 729
643901997487000000 74 732
643901998487000000 76 730 706
643901999488000000 76 703
643902000489000000 78 701 709
643902001488000000 79 701
643902002486000000 79 720
643902003487000000 80 753 754
643902004490000000 80 751
643902005492000000 80 775
643902006487000000 80 770 723
643902007487000000 80 713
643902008487000000 81 708 698
643902009486000000 81 667
643902010537000000 83 649 643
643902011490000000 84 658
643902012486000000 85 666
643902013503000000 86 690 752
643902014486000000 86 803
