timestamp hr
643708536955000000 55 1228
643708537977000000 54 1196
643708538952000000 54 1050
643708539951000000 54 919
643708540949000000 55 912
643708541951000000 56 999
643708542996000000 56 1043
643708543952000000 57 1196
643708544953000000 56 1148
643708545950000000 56 1083
643708546950000000 56 1095
643708547951000000 56 1040
643708548950000000 56 1045
643708549950000000 56 1030
643708550950000000 56 960
643708551949000000 57 961
643708552950000000 57 1005
643708553951000000 57 876
643708554952000000 58 936
643708555950000000 59 950
643708556951000000 59 855
643708557951000000 60 897
643708558995000000 61 1109
643708559951000000 61 1161
643708560952000000 60 1021
643708561996000000 60 917 834
643708562954000000 61 780
643708563944000000 62 786
643708564948000000 64 818
643708565951000000 65 843
643708566992000000 65 867
643708567994000000 66 846
643708568948000000 66 865
643708569951000000 67 886 930
643708570953000000 67 977
643708571945000000 66 950
643708572953000000 66 922
643708573952000000 66 839
643708574950000000 66 877
643708575995000000 67 831 815
643708576951000000 67 841
643708577951000000 68 849
643708578949000000 68 818
643708579951000000 69 818 785
643708580952000000 70 750
643708581952000000 72 740 693
643708582944000000 73 692
643708583951000000 74 672
643708584951000000 76 688
643708585951000000 77 714
643708586951000000 78 827 949
643708587951000000 77 955
643708588948000000 75 912
643708589948000000 74 878
643708590951000000 74 869
643708592001000000 73 850
643708592952000000 73 843
643708593952000000 73 845
643708594951000000 72 922
643708595952000000 72 970
643708596951000000 71 1069
643708597952000000 70 1197
643708598951000000 68 1207
643708599951000000 68
643708600951000000 66 1187
643708601953000000 65 1165
643708602951000000 63 1144
643708603951000000 62 1129
643708604951000000 61 1088
643708605951000000 61 1020
643708606950000000 60 1013
643708607951000000 60 1050
643708609001000000 60 1145
643708609952000000 60
643708610948000000 59 1189
643708611952000000 59 1108
643708612951000000 58 1146
643708613951000000 58 1157
643708614951000000 57 1111
643708615952000000 57 1059
643708616950000000 56 1058
643708617978000000 56 999
643708618951000000 57 1075
643708619951000000 57 1057
643708620993000000 57 1020
643708621948000000 57 1003
643708622950000000 57 1004
643708623952000000 57 968
643708624996000000 58 938
643708626045000000 58 914
643708626951000000 60 894 878
643708627952000000 60 858
643708628951000000 61 855
643708629951000000 62 854
643708630952000000 63 864
643708631948000000 64 842
643708632951000000 64 863
643708633950000000 65 892
643708634958000000 65 917
643708635951000000 65 963
643708636954000000 65 1043
643708637951000000 65 1047
643708638948000000 64 1045
643708639951000000 63 984
643708640951000000 63 988
643708641993000000 63 973
643708642945000000 63 1018
643708643960000000 62 999 984
643708644953000000 62 942
643708645953000000 62 896
643708646952000000 62 859
643708647951000000 63 829
643708648951000000 65 821 803
643708649951000000 66 814
643708650953000000 66 840
643708651951000000 67 884
643708652951000000 67 882
643708653948000000 67 932
643708654944000000 67 971
643708655952000000 67 997
643708656952000000 66 978
643708657999000000 66 998
643708658951000000 65 1012
643708659951000000 65 1014
643708660953000000 64 974
643708661951000000 64 946
643708662951000000 64 929
643708663951000000 64 942
643708664951000000 64 1017
643708665951000000 63 1069
643708666946000000 63 1106
643708667951000000 62 1100
643708668943000000 61 1039
643708669951000000 61 943
643708670951000000 61 919
643708671996000000 61 887
643708672953000000 62 877
643708673951000000 62 881
643708674997000000 63 897 935
643708675949000000 64 992
643708676948000000 63 958
643708677981000000 63 961
643708678951000000 63
643708679951000000 63 982
643708680951000000 63 1001
643708681951000000 63 1142
643708682951000000 61 1040 964
643708683953000000 61 938
643708684959000000 61 903
643708685951000000 62 886
643708686951000000 62 903
643708687950000000 63 959
643708688952000000 63 995
643708689943000000 63
643708691026000000 63 1115
643708691951000000 62 1229
643708692951000000 61 1154
643708693944000000 60 1127
643708694945000000 59 1091
643708695948000000 59 1026
643708696953000000 59 978
643708697950000000 59 967
643708698953000000 60 922 882
643708699943000000 60 864
643708700943000000 61 851
643708701951000000 62 829
643708702951000000 63 855
643708703950000000 64 831
643708704953000000 64 853
643708705951000000 65 897
643708706998000000 66 956
643708707997000000 65 1011
643708708950000000 65 1064
643708709948000000 64 1045
643708710951000000 64 1056
643708711951000000 63 1039
643708712948000000 62 1008
643708713950000000 62 1030
643708714943000000 62 992
643708715954000000 61 991
643708716951000000 61 1081
643708717951000000 61 1080
643708718948000000 60 1053
643708719950000000 60 1005
643708720943000000 60 982
643708721995000000 60 954
643708722951000000 60 931 883
643708723951000000 61 863
643708724950000000 62 827
643708725943000000 63 812
643708726958000000 64 802
643708727952000000 65 801
643708728948000000 66 817
643708729951000000 67 887
643708730950000000 67 941
643708731943000000 67 1013
643708732952000000 66 1050
643708733951000000 66 1099
643708734951000000 65 1061
643708735957000000 64 1043
643708736952000000 63 1005
643708737952000000 63 981
643708738951000000 62 995
643708739965000000 62 1006
643708741000000000 62 1092
643708741951000000 62 1067
643708742951000000 61 1141
643708743951000000 61
643708744951000000 60 1215
643708745962000000 59 1144
643708746953000000 59 1121
643708747943000000 58 1058
643708748952000000 58 1013 977
643708749952000000 58 951
643708750950000000 58 926
643708751952000000 59 887
643708752944000000 60 876
643708753944000000 61 869
643708754944000000 61 869
643708755952000000 62 923
643708756950000000 63 1022
643708757952000000 63 1004
643708758952000000 62 1048
643708759951000000 62 1043
643708760951000000 61 1062
643708761951000000 61 1131
643708762952000000 60 1143
643708763943000000 60 1033
643708764952000000 59 1029
643708765951000000 59 998
643708766951000000 59
643708767954000000 59 1015
643708768952000000 59 1028
643708769951000000 59 1076
643708770952000000 59 1140
643708771951000000 58 1237
643708772951000000 58 1188
643708773995000000 57 1150
643708774943000000 56 1114
643708775994000000 56 1049
643708776953000000 56 980
643708777951000000 56 954
643708778951000000 57 940
643708779944000000 57 905
643708780944000000 58 936
643708781944000000 59 929
643708782950000000 59 967
643708783951000000 60 971
643708784952000000 60 991
643708785951000000 60 953
643708786955000000 60 927
643708787951000000 61 918
643708788952000000 61 933
643708789952000000 61 1030
643708790951000000 61 1136
643708791951000000 61 1188
643708792951000000 61
643708793975000000 60 1189
643708794952000000 59 1147
643708795951000000 58 1122
643708796953000000 58 1136
643708797952000000 57 1093
643708798951000000 57 1071
643708799952000000 57 1049
643708800952000000 57 1043
643708801952000000 57 1069
643708802945000000 57 1064
643708803956000000 57 1027
643708804953000000 57 989
643708805996000000 57 961
643708806995000000 58 940
643708807951000000 58 917
643708808960000000 59 900
643708809951000000 59 911
643708810951000000 61 919 912
643708811953000000 61 949
643708812953000000 62 980
643708813951000000 62 957
643708814951000000 62 975
643708815951000000 62 989
643708816952000000 62
643708817952000000 62 1038
643708818952000000 61 1063
643708819952000000 61 1081
643708820951000000 60 1064
643708821952000000 60 1105
643708822953000000 60 1097
643708823952000000 59 1039
643708824965000000 59 1019
643708825953000000 59 1017
643708826951000000 59 1017
643708827952000000 59 1070
643708828952000000 59 1117
643708829998000000 59
643708830977000000 58 1175
643708831951000000 58 1136
643708832953000000 57 1102
643708833952000000 57 1063
643708834951000000 57 1040
643708835952000000 57 1028
643708836950000000 57 978 945
643708837951000000 58 916
643708838952000000 58 906
643708839994000000 59 916
643708840951000000 60 913
643708841951000000 60 958
643708842951000000 61 922
643708843951000000 61 913
643708844951000000 61 936
643708845951000000 62 977
643708846951000000 62 1054
643708847951000000 62 1162
643708848951000000 61 1111
643708849954000000 60 1084
643708850967000000 60
643708851951000000 60 1074
643708852950000000 59 1051
643708853952000000 59 1029
643708854952000000 59 1040
643708855954000000 59 1034
643708856998000000 59 1028
643708857951000000 59 1013
643708858950000000 59 1062
643708859961000000 59 991 944
643708860954000000 59 898
643708861952000000 60 860
643708862951000000 60 842
643708863951000000 62 815 789
643708864952000000 64 771
643708865952000000 65 746
643708866954000000 66 733
643708867953000000 68 735
643708869000000000 69 759
643708869952000000 70 892
643708870952000000 71 1059
643708871953000000 70 1083
643708872998000000 68 1151
643708873995000000 67 1153
643708874951000000 65 1113
643708875953000000 64 984
643708876953000000 64 880 825
643708877951000000 64 787
643708878951000000 65 777
643708879951000000 66 768
643708880951000000 68 805
643708881952000000 68 876
643708882953000000 69 981
643708883951000000 68 1044
643708884952000000 67 1020
643708885951000000 66 952 905
643708886952000000 66 871
643708887953000000 66 825
643708888951000000 67 809
643708889997000000 67 804
643708890951000000 68 816
643708891950000000 69 883
643708892952000000 69 1013
643708893951000000 68 1150
643708894951000000 67 1175
643708895953000000 65 1168
643708896950000000 64 1121
643708897952000000 63 1050
643708898951000000 62 909
643708899951000000 63 835 789
643708900951000000 64 786
643708901951000000 64
643708902952000000 65 824
643708903953000000 66 945
643708904951000000 66 1186
643708905997000000 65 1176
643708906951000000 64 1248
643708907952000000 62 1223
643708908953000000 61 1115
643708909952000000 60 1023
643708910953000000 60 917
643708911953000000 60 840
643708912951000000 61 813
643708913952000000 63 801 835
643708914952000000 63
643708915948000000 64 918
643708916951000000 65 998
643708917950000000 64 1095
643708918951000000 64 1109
643708919952000000 63 1185
643708920952000000 62 1187
643708921951000000 62
643708922995000000 60 1183 1165
643708924000000000 59 1087
643708924952000000 58 979
643708925951000000 58 910
643708926951000000 59 871
643708927952000000 60 842
643708928952000000 61 839
643708929952000000 62 866
643708930952000000 63 1000
643708931950000000 63 1101
643708932952000000 62 1214
643708933948000000 61 1166
643708934952000000 60 1113
643708935951000000 59 951
643708936953000000 59 888
643708937951000000 60 867
643708939001000000 61 868
643708939962000000 62 1006
643708940954000000 62
643708941952000000 62 1229
643708942950000000 61 1173
643708943951000000 60 1182
643708944951000000 59 1156
643708945952000000 58 1103
643708946952000000 58 946
643708947952000000 58 897
643708948951000000 59 881
643708949951000000 60 932
643708950953000000 60 1136
643708951952000000 60 1247
643708952951000000 60
643708953951000000 59 1321
643708954951000000 58 1302
643708955994000000 57 1216
643708956951000000 56 1075
643708957955000000 55 1008
643708958953000000 56 950
643708959951000000 56 908
643708960953000000 57 991
643708961951000000 58 1268
643708962952000000 58
643708963952000000 57 1233
643708964952000000 56 1229
643708965951000000 56 1207
643708966952000000 55 1167
643708967952000000 55 1118
643708968951000000 54 977
643708969951000000 56 907 884
643708970951000000 57 881
643708971994000000 57
643708972953000000 58 910
643708973952000000 59 1055
643708974945000000 59 1138
643708975952000000 59 1237
643708976951000000 58 1233
643708977953000000 58
643708979000000000 57 1214
643708979952000000 55 1190 1087
643708980951000000 55 942
643708981951000000 56 837
643708982952000000 59 779 732
643708983960000000 61 698
643708984963000000 65 683 658
643708985950000000 68 713
643708986950000000 70 788
643708987950000000 71 830
643708988993000000 71 848
643708989952000000 71 798 856
643708990951000000 71 846
643708991950000000 71 897
643708992951000000 71 898
643708993953000000 71 926
643708994952000000 70 851
643708995950000000 70 847 835
643708996982000000 70 776
