timestamp hr
643709059952000000 69 937
643709060945000000 68 837
643709061944000000 69 827 833
643709062943000000 69 854
643709063953000000 69 836
643709064952000000 69 842
643709065953000000 70 896
643709066945000000 70 952
643709067943000000 69 848
643709068952000000 69 943
643709069952000000 69 929
643709070996000000 68 890 938
643709071952000000 68 940
643709072944000000 67 836
643709073944000000 67 856
643709074953000000 68 863
643709075952000000 68 893
643709076945000000 68 810
643709077952000000 69 884 921
643709078953000000 68 929
643709079954000000 68 834
643709080955000000 68 838
643709081993000000 68 820
643709082952000000 69 855
643709083952000000 69 913
643709084953000000 69 1021
643709085952000000 68 1062
643709086951000000 67 1049
643709087994000000 66 984
643709088944000000 65 897 854
643709089952000000 66 842
643709090952000000 66 854
643709091953000000 67 877
643709092951000000 67
643709093951000000 67 959
643709094951000000 67 1162
643709095952000000 66 1162
643709096953000000 64 1063
643709097951000000 63 1015 944
643709098951000000 63 916
643709099944000000 63 893
643709100952000000 63 900
643709101953000000 64 938
643709102951000000 64
643709103951000000 64 983
643709104944000000 64 1118
643709105944000000 63 1219
643709106955000000 62 1205
643709107944000000 61 1079
643709108952000000 60 974
643709109951000000 60 921 872
643709110952000000 61 850
643709111951000000 62 856
643709112953000000 63 831
643709113951000000 63 841
643709114951000000 64 870
643709115951000000 65 954
643709116952000000 65 1069
643709117952000000 64 1077
643709118955000000 64 1022
643709119952000000 63 1009
643709120995000000 63 989
643709121951000000 62 971
643709122951000000 62 1093
643709123978000000 62
643709124951000000 62 1180
643709125953000000 61 1135
643709126951000000 59 1115 1039
643709127944000000 59 960
643709128952000000 59 934
643709129951000000 60 864
643709130944000000 60 813
643709131996000000 61 810
643709132993000000 63 815
643709134044000000 64 856
643709134953000000 65 959
643709135952000000 65 1068
643709136953000000 64 1104
643709137951000000 64
643709138963000000 63 1216
643709139944000000 62 1296
643709140951000000 61 1266
643709141952000000 59 1167
643709142951000000 58 1095
643709143953000000 58 1048
643709144952000000 58 1024
643709145952000000 58 953 866
643709146952000000 59 855
643709147951000000 60 846
643709148952000000 61 884
643709149953000000 62 973
643709150951000000 62
643709151951000000 62 1103
643709152948000000 62 1129
643709153994000000 61 1139
643709154979000000 60 1196
643709155952000000 59 1225
643709156952000000 58 1171
643709157952000000 57 1126
643709158952000000 57 1026
643709159952000000 57 976
643709160952000000 57 945
643709161953000000 58 891
643709162951000000 58 843
643709163951000000 60 836
643709164948000000 61 839
643709165994000000 62 924
643709166951000000 62 979
643709167952000000 63 1021
643709168951000000 62 1030
643709169993000000 62 1060
643709170952000000 61 1195
643709171952000000 61 1207
643709172951000000 60 1124
643709173951000000 59 995
643709174951000000 59 933
643709175996000000 59 887
643709176994000000 61 858 859
643709177952000000 61 875
643709178952000000 62 838
643709179996000000 63 833
643709180995000000 64 824
643709181952000000 65 864
643709182952000000 66 908 872
643709183951000000 66 792
643709184951000000 66 830
643709185953000000 67 850
643709186995000000 68 877
643709187956000000 68 854
643709188953000000 68 903
643709189953000000 68 954 880
643709190951000000 67 867
643709191952000000 68 853
643709192952000000 68 843
643709193952000000 69 796 755
643709194951000000 70 736
643709195951000000 71 780 725
643709196951000000 72 697
643709197952000000 74 709
643709198952000000 76 691 658
643709199951000000 78 692 666
643709200951000000 79 650
643709201951000000 82 641 649
643709202952000000 83 641
643709203952000000 85 623 609
643709204952000000 88 622 605
643709205952000000 90 582
643709206951000000 93 587 590
643709207951000000 96 571 563
643709208952000000 99 576 564
643709209953000000 102 550 546
643709210952000000 103 549
643709211951000000 105 556 550
643709212953000000 107 553 561
643709213951000000 107 560 558
643709214952000000 107 552 563
643709215953000000 107 563
643709216952000000 107 563 563
643709217952000000 107 563 563
643709218952000000 107 572 563
643709219993000000 106 567
643709220953000000 106 578 578
643709221954000000 105 580 575
643709222951000000 105 577
643709223951000000 105 579 582
643709224952000000 104 592 581
643709225953000000 104 581 584
643709226952000000 103 587
643709227954000000 103 589 576
643709228953000000 103 584 572
643709229952000000 104 573 573
643709230953000000 104 565
643709231953000000 105 564 555
643709232953000000 106 563 562
643709233954000000 106 562 564
643709234952000000 106 566 564
643709235953000000 106 549
643709236993000000 107 560 556
643709237952000000 107 553 548
643709238951000000 108 554 557
643709239974000000 108 550 548
643709240953000000 108 553
643709241953000000 108 563 561
643709242952000000 108 558 567
643709243952000000 107 567 565
643709244951000000 107 564
643709245952000000 107 571 575
643709246953000000 106 557 571
643709247951000000 106 575 580
643709248951000000 106 577
643709249952000000 105 561 579
643709250953000000 105 569 569
643709251952000000 105 561 570
643709252995000000 106 566
643709253945000000 106 560 576
643709254951000000 105 582 598
643709255952000000 104 584 591
643709256952000000 104 600
643709257954000000 102 601 580
643709258952000000 103 580 584
643709259951000000 103 582
643709260952000000 103 572
643709261952000000 103 555
643709262951000000 104 664 962
643709263953000000 104 927
643709264998000000 104 936
643709265942000000 102 896 773
643709266943000000 102 730
643709267944000000 97 624 627
643709268943000000 97 592 592
643709269995000000 98 577
643709270943000000 100 579 563
643709271945000000 102 566 542
643709272945000000 104 565 537
643709273943000000 106 540 541
643709274943000000 108 529 538
643709275946000000 110 521 532
643709276946000000 111 524
643709277943000000 112 518 530
643709278943000000 113 508 512
643709279944000000 115 518 508
643709280943000000 115 518 497
643709281945000000 117 517 514
643709282943000000 117 494 515
643709283943000000 117 507 489
643709284944000000 118 513 500
643709285994000000 119 484 509
643709286943000000 120 493 479
643709287946000000 121 502 493 477
643709288994000000 122 490 490
643709289943000000 122 483 474
643709290945000000 123 485 488
643709291943000000 123 481 473
643709292943000000 125 474 483
643709293944000000 125 482 471
643709294943000000 125 468 473
643709295943000000 126 480 445
643709296943000000 127 485 466
643709297943000000 127 479 474 457
643709298943000000 128 462 460
643709299943000000 129 469 464
643709300943000000 129 457 458
643709301943000000 130 454 465
643709302993000000 130 470 453
643709303944000000 131 453 454 456
643709304945000000 131 460 464
643709305944000000 131 452 449
643709306946000000 132 452 453
643709307943000000 132 457 455 453
643709308942000000 132 447 447
643709309947000000 133 450 448
643709310943000000 133 460 458
643709311945000000 132 450 451
643709312943000000 133 442 447 441
643709313946000000 134 452 453
643709314943000000 133 455 448
643709315943000000 134 440 445
643709316943000000 134 444 448 447
643709317945000000 134 450 449
643709318994000000 134 438 439
643709319993000000 135 440 448
643709321145000000 135 450 439 437
643709322043000000 136 441 440
643709322997000000 136 440 444
643709324096000000 137 441 418 454
643709324944000000 137 433 438
643709325944000000 137 439 438
643709326943000000 137 441 431
643709327944000000 138 431 431 435
643709328946000000 138 434 435
643709329945000000 138 436 438
643709330944000000 138 439 424 428
643709332046000000 139 435 433
643709332944000000 138 435 432
643709333994000000 138 436 434
643709334943000000 138 439 433 429
643709336006000000 139 409 454
643709336945000000 139 428 435
643709337943000000 139 433 434 434
643709338993000000 139 436 436
643709339943000000 139 427 431
643709340953000000 139 426 428 430
643709341943000000 139 433 432
643709342945000000 139 432 432
643709343943000000 139 433 437 429
643709344943000000 139 423 431
643709345940000000 140 428 430
643709346993000000 139 434 428 433
643709347993000000 139 435 425
643709349045000000 140 423 425
643709349944000000 140 426 426 422
643709350943000000 141 430 424
643709352044000000 141 430 430
643709352943000000 141 423 422 419
643709353943000000 142 419 420
643709354946000000 142 421 422 421
643709355943000000 142 420 426
643709356944000000 142 422 424
643709357943000000 142 420 420 415
643709358943000000 143 417 420
643709359947000000 143 418 419 417
643709360946000000 143 423 414
643709361943000000 143 419 420
643709362944000000 144 417 414 417
643709363943000000 144 411 416
643709364944000000 145 410 407 421
643709365943000000 145 417 412
643709366945000000 145 418 410
643709367943000000 145 415 410 418
643709368995000000 145 413 412
643709369943000000 145 411 420 416
643709370943000000 145 413 413
643709371946000000 145 403 425
643709372945000000 146 407 406 421
643709373946000000 145 415 410
643709374943000000 145 412 416 415
643709375943000000 145 412 415
643709376944000000 145 411 413 411
643709377954000000 145 417 413
643709378945000000 145 413 418
643709379943000000 145 413 411 411
643709380943000000 145 407 404
643709381943000000 146 417 413 414
643709382945000000 146 408 414
643709383943000000 146 411 415 410
643709384995000000 146 410 409
643709385943000000 146 414 416
643709386943000000 146 408 413 409
643709387944000000 146 408 409
643709388944000000 146 408 406 413
643709389943000000 146 411 411
643709390946000000 147 404 409 413
643709391945000000 146 412 410
643709392944000000 146 410 409 407
643709393943000000 146 415 413
643709394947000000 146 411 409
643709395943000000 146 413 411 409
643709396945000000 146 408 409
643709397943000000 146 411 411 404
643709398944000000 147 411 410
643709399943000000 146 410 409 413
643709400944000000 146 412 412
643709401994000000 146 412 413
643709402955000000 146 411 415 419
643709403944000000 145 415 413
643709404943000000 145 410 416 406
643709405995000000 146 409 406
643709406993000000 146 420 414
643709407946000000 146 410 413 411
643709408906000000 146 413 416
643709409906000000 145 413 418 413
643709410944000000 145 418 418
643709411944000000 145 411 416 409
643709412945000000 145 413 409
643709413903000000 145 414 412
643709414945000000 145 411 413 414
643709415947000000 145 415 413
643709416995000000 145 415 412 418
643709417993000000 145 414 415
643709418906000000 145 413 413 417
643709419944000000 145 417 414
643709420943000000 145 411 411
643709421946000000 145 414 415 409
643709422943000000 145 410 412
643709423943000000 146 407 410 406
643709424943000000 146 409 414
643709425943000000 146 412 411 405
643709426944000000 147 408 410
643709427946000000 146 412 411
643709428943000000 146 415 411 416
643709429944000000 145 415 411
643709430943000000 146 408 411 410
643709431944000000 146 409 404
643709432943000000 147 409 408 410
643709433946000000 147 409 404
643709434995000000 147 407 408
643709435943000000 147 412 409 407
643709436943000000 147 412 413
643709437952000000 146 411 411 410
643709438943000000 146 415 412 410
643709439945000000 146 414 417
643709440943000000 145 414 412
643709441905000000 145 411 414
643709442943000000 146 401 410 410
643709443943000000 146 414 404
643709444943000000 146 409 411 415
643709445906000000 146 410 407
643709446906000000 146 413 412 409
643709447944000000 146 413 415
643709448943000000 145 416 410 408
643709449943000000 146 412 404
643709450993000000 146 407 411
643709451907000000 147 408 406 405
643709452946000000 147 410 409
643709453993000000 147 408 409 412
643709454994000000 146 410 403
643709455906000000 146 414 410 412
643709456943000000 146 411 407
643709457944000000 146 412 412 412
643709458945000000 146 407
643709459943000000 146 409 815 401
643709460945000000 147 412 404
643709461944000000 147 403 402
643709462943000000 147 411 404 408
643709463943000000 148 405 412
643709464945000000 147 407 404 404
643709465943000000 148 406 407
643709466943000000 148 402 385 426
643709467993000000 148 409 406
643709468943000000 147 354 459 410
643709469906000000 147 405 404
643709470945000000 147 412 407
643709471893000000 147 406 408
643709472893000000 147 820 410
643709473893000000 147 408 402 412
643709474893000000 147 407 409
643709475943000000 147 400 407 403
643709476893000000 148 409 409
643709477893000000 148 408 401 408
643709478906000000 148 404 409
643709479894000000 148 406 405 412
643709480894000000 147 408 408
643709481893000000 147 413 402 412
643709482943000000 147 405 410
643709483893000000 147 407 407
643709484894000000 147 409 408 409
643709485894000000 147 409 405
643709486894000000 147 408 412 411
643709487944000000 147 408 408
643709488907000000 146 412 410 406
643709489893000000 147 409 411
643709490893000000 146 414 413
643709491894000000 146 414 408 416
643709492893000000 146 413 415
643709493894000000 145 412 413 412
643709494905000000 145 417 417
643709495893000000 145 414 417 405
643709496894000000 146 408 412
643709497893000000 146 412 404 407
643709498894000000 147 408 408
643709499893000000 147 411 408
643709500906000000 147 403 408 407
643709501905000000 147 406 401
643709502893000000 148 403 407 405
643709503943000000 148 402 404
643709504893000000 148 407 406 407
643709505893000000 148 401 409
643709506906000000 148 402 409 404
643709507894000000 148 400 409
643709508894000000 148 401 409 402
643709509893000000 148 407 405
643709510943000000 148 407 404
643709511893000000 148 406 402 407
643709512908000000 148 409 398
643709513894000000 148 409 405 401
643709514894000000 148 403 408
643709515894000000 148 404 401 401
643709516893000000 149 403 399
643709517893000000 149 407 402 400
643709518904000000 149 402 412
643709519906000000 149 399 404 402
643709520943000000 149 403 404
643709521894000000 148 407 402 405
643709522894000000 148 403 403
643709523893000000 149 403 405 403
643709524943000000 148 409 402
643709525894000000 148 406 407 405
643709526894000000 148 405 406
643709527894000000 148 408 406 403
643709528894000000 148 409 407
643709529893000000 148 403 405
643709530893000000 148 406 408 403
643709531894000000 148 402 405
643709532893000000 148 405 407 403
643709533900000000 148 404 409
643709534893000000 148 407 407 405
643709535894000000 148 407 408
643709536944000000 147 410 407 406
643709537895000000 147 412 411
643709538896000000 147 411 407
643709539893000000 146 415 414 413
643709540894000000 146 413 413
643709541894000000 146 410 412 409
643709542943000000 146 410 408
643709543906000000 146 408 411 399
643709544894000000 147 405 410
643709545894000000 147 407 406 405
643709546944000000 148 402 407
643709547905000000 148 407 403 399
643709548893000000 148 405 407
643709549906000000 148 405 403 404
643709550894000000 148 410 410
643709551893000000 148 405 406
643709552894000000 148 405 404 401
643709553993000000 148 402 392
643709554893000000 149 391 425 400
643709555906000000 149 401 402
643709556906000000 149 406 404 406
643709557894000000 149 400 407
643709558893000000 148 406 402 401
643709559893000000 149 397 404
643709560893000000 149 398 399 400
643709561906000000 150 403 402
643709562894000000 149 403 402 401
643709563893000000 149 404 399
643709564894000000 150 401 396 399
643709565893000000 150 394 392
643709566893000000 151 394 394 396
643709567907000000 151 398 399
643709568893000000 151 400 399 396
643709569943000000 151 402 399
643709570894000000 150 398 403 401
643709571894000000 150 398 399
643709572894000000 150 405 398 403
643709573907000000 150 396 403
643709574901000000 149 401 407 400
643709575894000000 149 401 402
643709576894000000 150 399 396 400
643709577894000000 150 407 394
643709578894000000 150 406 397 396
643709579893000000 150 397 407
643709580906000000 150 398 399 400
643709581893000000 150 400 405
643709582893000000 150 401 401 401
643709583894000000 150 402 401
643709584893000000 149 400 405 398
643709585894000000 150 403 400
643709586956000000 150 400 398 402
643709587893000000 150 399 400
643709588894000000 150 402 397 399
643709589894000000 150 396 396
643709590893000000 151 397 398 400
643709591893000000 151 397 399
643709592907000000 150 399 400 397
643709593894000000 150 399 396
643709594894000000 150 401 401 396
643709595894000000 150 400 401
643709596893000000 150 396 405 401
643709597893000000 150 399 402
643709598906000000 150 402 401 396
643709599893000000 150 404 397
643709600944000000 150 400 395 396
643709601894000000 151 398 400
643709602957000000 151 396 400 394
643709603894000000 151 401 396
643709604894000000 150 402 398 403
643709605894000000 150 398 402
643709606905000000 150 407 400 401
643709607894000000 150 399 401
643709608894000000 150 401 400 400
643709609893000000 150 398 401
643709610893000000 150 400 398 400
643709611905000000 150 397 402
643709612893000000 150 400 400 398
643709613894000000 150 401 401
643709614943000000 150 400 400 398
643709615894000000 150 399 399
643709616893000000 150 398 398 397
643709617906000000 150 401 401
643709618894000000 150 396 404 400
643709619943000000 150 400 397
643709620906000000 150 401 402 402
643709621894000000 150 401 403
643709622908000000 149 405 403 403
643709623905000000 149 405 401
643709624894000000 149 405 407 403
643709625906000000 149 404 404
643709626894000000 148 410 404 401
643709627894000000 148 406 407
643709628894000000 148 402 401 405
643709629943000000 149 397 405
643709630894000000 149 399 398 400
643709631894000000 150 396 396
643709632894000000 151 393 396 401
643709633894000000 151 396 396
643709634905000000 151 398 399 400
643709635893000000 151 397 394
643709636894000000 151 396 397 397
643709637894000000 152 386 395
643709638894000000 151 401 401 400
643709639894000000 151 398 397
643709640894000000 151 399 398 402
643709641894000000 150 397 399
643709642906000000 150 400 397 396
643709643906000000 150 406 395
643709644894000000 150 400 402 396
643709645894000000 151 396 400
643709646894000000 151 397 400 399
643709647893000000 150 399 398
643709648931000000 150 399 404 401
643709649894000000 150 399 404
643709650894000000 150 397 400 405
643709651894000000 150 399 397
643709652943000000 150 405 400 399
643709653894000000 150 403 390
643709654907000000 151 396 396 397
643709655894000000 151 393 400
643709656943000000 152 392 394 400
643709657901000000 151 402 395
643709658894000000 151 398 404 400
643709659893000000 150 398 399
643709660894000000 150 403 396 404
643709661894000000 150 402 402
643709662894000000 149 403 399 404
643709663894000000 149 404 404
643709664894000000 149 398 408 405
643709665894000000 149 406 403
643709666893000000 148 409 406 406
643709667906000000 148 406 404
643709668894000000 148 405 402 399
643709669894000000 149 404 403
643709670893000000 149 401 397 407
643709671894000000 149 404 403
643709672906000000 149 402 404 405
643709673906000000 149 402 404
643709674894000000 149 404 407 401
643709675893000000 148 408 402
643709676894000000 148 408 409
643709677894000000 147 409 411 409
643709678893000000 147 401 408
643709679906000000 147 408 407 405
643709680894000000 148 406 405
643709681894000000 148 406 403 406
643709682894000000 148 404 396
643709683894000000 149 401 409 407
643709684894000000 148 401 403
643709685946000000 148 403 406 403
643709686894000000 148 405 407
643709687894000000 148 407 403 410
643709688894000000 148 409 410
643709689906000000 147 405 409
643709690894000000 147 412 411 406
643709691894000000 147 412 410
643709692894000000 147 409 406 407
643709693894000000 147 405 402
643709694894000000 148 401 403 405
643709695894000000 148 403 403
643709696894000000 148 404 411 404
643709697893000000 148 404 406
643709698994000000 148 409 401 407
643709699894000000 148 407 406
643709700894000000 148 403 409 406
643709701894000000 148 407 403
643709702894000000 148 410 405
643709703943000000 148 403 400 402
643709704901000000 149 399 399 400
643709705895000000 149 404 402
643709706894000000 149 398 404
643709707893000000 149 404 400 403
643709708894000000 149 402 404
643709709894000000 149 402 400 407
643709710907000000 149 405 402
643709711946000000 149 402 404 400
643709712957000000 149 395 404
643709713944000000 149 402 400 399
643709714894000000 149 404 404
643709715894000000 149 405 405 408
643709716906000000 148 404 407
643709717894000000 148 406 407 403
643709718995000000 148 409 410
643709719894000000 148 402 403 401
643709720894000000 148 405 403
643709721906000000 148 405 399 408
643709722907000000 148 405 404
643709723894000000 148 405 403 410
643709724894000000 148 406 404
643709725894000000 148 406 407 402
643709726906000000 148 397 398
643709727894000000 149 397 406
643709728894000000 149 401 400 400
643709729894000000 149 401 403
643709730893000000 149 402 405 404
643709731894000000 149 406 409
643709732894000000 148 404 402 402
643709733894000000 149 404 400
643709734894000000 150 394 398 397
643709735906000000 150 398 398
643709736894000000 150 397 399 401
643709737894000000 150 400 399
643709738894000000 150 407 400 403
643709739893000000 149 403 406
643709740894000000 149 398 401 406
643709741907000000 149 403 402
643709742894000000 149 404 403 404
643709743894000000 149 408 401
643709744906000000 149 396 402 404
643709745894000000 149 402 401
643709746893000000 149 401 406 406
643709747907000000 149 403 405
643709748894000000 148 409 408 399
643709749894000000 148 405
643709750894000000 148 816 414 409
643709751943000000 147 414 405
643709752894000000 147 409 405
643709753943000000 148 403 401 403
643709754894000000 148 403 398
643709755894000000 149 401 398 401
643709756894000000 149 399 404
643709757894000000 149 404 405 409
643709758906000000 148 411 408
643709759906000000 147 410 413 416
643709760894000000 146 415 415
643709761894000000 146 410 417 412
643709762894000000 146 407 406
643709763894000000 147 404 407
643709764894000000 147 408 402 405
643709765894000000 147 409 407
643709766894000000 147 408 406 412
643709767894000000 147 411 414
643709768944000000 146 415 411 416
643709769894000000 145 418 414
643709770894000000 145 413 405 411
643709771908000000 146 410 406
643709772906000000 146 406 406
643709773894000000 147 407 408 410
643709774894000000 147 404 413
643709775894000000 147 411 410 410
643709776894000000 146 415 411
643709777894000000 146 411 413 409
643709778906000000 146 409 407
643709779894000000 147 401 407 401
643709780894000000 148 407 405
643709781894000000 148 404 401
643709782894000000 148 408 405 411
643709783894000000 147 409 404
643709784957000000 147 412 409 410
643709785894000000 147 408 413
643709786894000000 146 414 413 410
643709787894000000 146 412 413
643709788894000000 146 413 411 414
643709789893000000 146 406 411
643709790944000000 146 407 403
643709791894000000 147 405 409 406
643709792894000000 147 405 407
643709793894000000 147 405 409 410
643709794894000000 147 405 401
643709795894000000 147 410 409 406
643709796906000000 147 411 407
643709797894000000 147 412 413 407
643709798894000000 147 412 415
643709799906000000 146 415 410
643709800894000000 146 415 407 411
643709801944000000 146 410 407
643709802906000000 146 405 414 408
643709803894000000 146 409 411
643709804906000000 146 408 414 411
643709805894000000 146 417 413
643709806894000000 145 415 420
643709807894000000 144 421 414 420
643709808893000000 144 416 421
643709809894000000 144 418 410 407
643709810894000000 145 413 412
643709811894000000 145 411 410 409
643709812894000000 146 411 409
643709813905000000 146 413 404
643709814894000000 146 413 410 411
643709815896000000 146 405 412
643709816894000000 146 411 411 409
643709817944000000 146 408 407
643709818895000000 147 407 405 407
643709819894000000 147 405 402
643709820943000000 148 405 408 408
643709821906000000 147 409 410
643709822903000000 147 412 412
643709823894000000 146 411 414 414
643709824894000000 146 419 418
643709825894000000 145 417 419 417
643709826893000000 144 422 420
643709827907000000 144 420 413
643709828894000000 144 415 415 414
643709829894000000 144 410 411
643709830894000000 145 414 413 415
643709831894000000 145 415 417
643709832894000000 145 419 420
643709833906000000 144 423 414 423
643709834945000000 143 420 413
643709835894000000 145 405 413 411
643709836906000000 145 411 411
643709837894000000 145 411 415
643709838894000000 145 415 421 414
643709839906000000 144 423 422
643709840895000000 143 420 422 420
643709841894000000 143 424 422
643709842894000000 143 416 412
643709843894000000 143 421 416 414
643709844894000000 144 416 415
643709845926000000 144 420 420 422
643709846894000000 143 426 426
643709847894000000 142 420 422
643709848894000000 142 425 422 414
643709849894000000 143 415 417
643709850945000000 143 416 418
643709851894000000 144 413 419 421
643709852894000000 143 420 425
643709853894000000 143 419 426 425
643709854894000000 142 419 420
643709855894000000 143 417 418
643709856895000000 144 413 415 412
643709857894000000 144 410 414
643709858896000000 145 410 413 412
643709859894000000 145 413 414
643709860894000000 145 409 418
643709861895000000 145 416 414 420
643709862895000000 144 420 415
643709863895000000 144 423 414 421
643709864907000000 144 408 419
643709865894000000 145 413 405 406
643709866894000000 146 407 406
643709867945000000 147 407 409 408
643709868906000000 147 411 407
643709869894000000 147 408 406
643709870957000000 147 413 410 412
643709871895000000 146 412 410
643709872894000000 146 414 415 408
643709873894000000 146 415 406
643709874894000000 146 413 409 404
643709875894000000 147 401 404
643709876907000000 148 405 403 402
643709877894000000 148 402 405
643709878894000000 148 405 405
643709879894000000 148 402 403 404
643709880894000000 148 406 401
643709881894000000 148 404 405 408
643709882907000000 148 402 406
643709883945000000 148 401 406 403
643709884894000000 149 402 406
643709885895000000 149 405 399 402
643709886894000000 149 404 403
643709887903000000 149 404 403 399
643709888896000000 149 401 396
643709889894000000 149 405 401 398
643709890894000000 150 400 402
643709891902000000 150 401 398 396
643709892896000000 150 400 400
643709893894000000 150 399 396 401
643709894894000000 150 401 399
643709895894000000 150 399 397 402
643709896894000000 150 400 399
643709897894000000 150 401 400 401
643709898895000000 150 398 405
643709899894000000 150 402 401 401
643709900994000000 150 400 400
643709901896000000 150 398 400 399
643709902894000000 150 397 399
643709903894000000 150 399 397 398
643709904894000000 150 399 394
643709905906000000 151 398 397 396
643709906894000000 151 402 394
643709907906000000 151 396 399 397
643709908894000000 151 396 400
643709909907000000 151 396 402 397
643709910894000000 151 399 394
643709911894000000 151 400 398 398
643709912894000000 151 395 397
643709913907000000 151 396 400 399
643709914907000000 151 400 399
643709915894000000 151 396 398 402
643709916944000000 150 396 401
643709917894000000 151 396 397 402
643709918899000000 150 399 396
643709919907000000 151 397 396 399
643709920894000000 151 396 395 396
643709921894000000 151 396 398
643709922895000000 151 396 394 392
643709923904000000 152 396 398
643709924894000000 152 396 395 391
643709925956000000 152 394 397
643709926895000000 152 397 395 391
643709927895000000 152 398 398
643709928894000000 152 396 392 396
643709929894000000 152 395 396
643709930894000000 152 396 394 394
643709931894000000 152 402 397
643709932894000000 151 396 396 394
643709933945000000 152 395 398
643709934895000000 151 396 397 397
643709935894000000 151 400 397
643709936894000000 151 397 396 396
643709937897000000 151 396 395
643709938896000000 152 396 395 394
643709939894000000 152 397 397 396
643709940894000000 152 395 397
643709941894000000 151 399 399 394
643709942894000000 151 399 399
643709943894000000 151 401 399 396
643709944907000000 151 400 398
643709945894000000 150 400 399 397
643709946906000000 150 400 398
643709947894000000 150 402 402 396
643709948894000000 150 399 403
643709949944000000 150 404 399 401
643709950944000000 150 401 402
643709951894000000 150 401 402 400
643709952894000000 150 404 406
643709953894000000 149 400 406
643709954894000000 149 399 403 401
643709955894000000 149 401 403 398
643709956909000000 149 405 401
643709957894000000 149 401 397
643709958895000000 149 404 400 399
643709959894000000 150 396 403
643709960895000000 150 400 401 402
643709961894000000 150 404 401
643709962908000000 149 408 403 407
643709963894000000 149 399 408
643709964894000000 149 404 400 404
643709965895000000 149 396 402
643709966944000000 149 403 399 402
643709967894000000 149 400 405
643709968908000000 149 403 401 406
643709969907000000 149 403 407
643709970894000000 148 407 405 408
643709971894000000 148 406 409
643709972894000000 148 409 405 408
643709973894000000 147 411 410
643709974906000000 147 409 407 403
643709975894000000 147 408 404
643709976894000000 148 400 407
643709977894000000 148 406 403 403
643709978907000000 148 401 406
643709979894000000 148 404 401 405
643709980894000000 148 406 406
643709981894000000 148 401 405 405
643709982944000000 148 406 410
643709983894000000 148 405 407 405
643709984894000000 148 406 409
643709985944000000 148 405 405 405
643709986958000000 148 409 407
643709987943000000 148 406 410
643709988894000000 147 408 412 409
643709989895000000 147 408 410
643709990894000000 147 408 409 407
643709991894000000 147 411 409
643709992944000000 147 412 406 410
643709993908000000 147 411 404
643709994895000000 147 406 410 409
643709995894000000 147 415 408
643709996894000000 147 403 413 411
643709997894000000 147 408 412
643709998894000000 146 411 407
643709999956000000 146 412 409 408
643710000894000000 146 409 408
643710001906000000 147 403 410 405
643710002894000000 147 402 405
643710003894000000 148 405 402 401
643710004894000000 148 409 403
643710005906000000 148 405 409 408
643710006897000000 148 404 414
643710007894000000 147 406 411
643710008894000000 147 411 406 411
643710009894000000 147 407 411
643710010944000000 147 400 417 414
643710011903000000 146 414 419
643710012894000000 145 416 419 415
643710013894000000 144 424 415
643710014894000000 144 417 413
643710015956000000 145 412 411 413
643710016894000000 145 415 414
643710017894000000 144 420 416 416
643710018894000000 144 417 420
643710019907000000 144 413 417
643710020894000000 145 407 412 411
643710021894000000 145 407 404
643710022894000000 146 409 409 411
643710023896000000 146 410 409
643710024909000000 146 415 414 414
643710025895000000 146 415 416
643710026894000000 145 410 419
643710027895000000 145 414 412 409
643710028894000000 145 412 412
643710029894000000 146 407 411 406
643710030906000000 146 408 411
643710031895000000 146 408 409 411
643710032944000000 146 409 415
643710033894000000 146 413 413 414
643710034894000000 146 415 412
643710035906000000 145 419 418
643710036897000000 144 418 418 419
643710037894000000 144 415 417
643710038894000000 144 415 410
643710039895000000 144 417 415 417
643710040945000000 144 419 418
643710041894000000 143 422 423 419
643710042897000000 143 424 422
643710043894000000 143 423 426
643710044894000000 142 423 425 426
643710045894000000 142 427 428
643710046894000000 141 428 428
643710047896000000 141 429 426 429
643710048958000000 141 427 430
643710049895000000 140 429 428
643710050897000000 140 425 429 427
643710051895000000 140 426 427
643710052896000000 140 427 427
643710053894000000 141 429 425 426
643710054908000000 141 425 428
643710055894000000 141 426 428
643710056895000000 140 432 433 426
643710057894000000 140 430 431
643710058895000000 140 425 428
643710059895000000 141 428 420 427
643710060894000000 141 428 423
643710061895000000 141 426 425 426
643710062895000000 141 422 428
643710063895000000 141 423 426
643710064895000000 141 430 431 427
643710065944000000 140 430 433
643710066894000000 140 428 430
643710067898000000 140 432 435
643710068895000000 139 431 431 437
643710069894000000 139 434 437
643710070906000000 138 436 438
643710071895000000 139 429 431 432
643710072896000000 139 422 432
643710073896000000 139 429 427
643710074895000000 139 434 436 433
643710075895000000 139 439 442
643710076894000000 138 438 441
643710077894000000 137 441 435 439
643710078894000000 137 440 432
643710079956000000 137 439 438
643710080894000000 137 431 437
643710081894000000 138 438 433 439
643710082894000000 138 437 434
643710083894000000 138 439 438
643710084895000000 137 438 444
643710085909000000 136 445 438 451
643710086895000000 136 452 445
643710087895000000 135 452 451
643710088907000000 134 441 449
643710089895000000 135 443 449 452
643710090894000000 134 446 454
643710091906000000 134 454 448
643710092894000000 134 445 444
643710093953000000 134 449 448 448
643710094894000000 134 445 454
643710095895000000 134 444 439
643710096894000000 135 437 439
643710097994000000 136 441 436 438
643710098947000000 136 443 442
643710099894000000 136 439 433
643710100897000000 137 431 429 428
643710101894000000 139 425 429
643710102944000000 139 432 435
643710103907000000 139 431 429 435
643710104894000000 139 434 430
643710105895000000 139 426 425
643710106895000000 140 423 421 420
643710107894000000 141 421 424
643710108894000000 141 424 420
643710109916000000 141 427 430 428
643710110894000000 141 425 423
643710111906000000 141 423 428
643710112894000000 141 429 431 425
643710113894000000 141 426 424
643710114894000000 141 420 422
643710115894000000 141 425 426 426
643710116897000000 141 427 429
643710117895000000 141 433 433
643710118895000000 140 434 426 434
643710119894000000 140 431 419
643710120894000000 140 425 420
643710121894000000 142 419 419 420
643710122894000000 142 424 425
643710123895000000 142 421 427 429
643710124894000000 141 433 429
643710125907000000 140 431 429
643710126895000000 140 435 432 423
643710127894000000 140 425 426
643710128896000000 140 426 424
643710129894000000 141 428 430 431
643710130894000000 140 428 433
643710131945000000 140 426 432
643710132894000000 140 425 425 418
643710133894000000 141 426 431
643710134947000000 141 427 426
643710135894000000 141 427 425 422
643710136894000000 141 418 418
643710137895000000 142 424 423
643710138894000000 142 427 424 426
643710139908000000 141 429 420
643710140907000000 142 421 417 425
643710141894000000 142 423 422
643710142894000000 142 427 426
643710143894000000 141 426 426 420
643710144894000000 142 422 422
643710145944000000 142 425 428
643710146907000000 141 426 430 431
643710147894000000 141 425 421
643710148895000000 141 421 422
643710149895000000 142 421 423 430
643710150895000000 141 429 431
643710151907000000 141 424 426
643710152906000000 141 421 419 406
643710153894000000 142 431 429
643710154894000000 142 426 426
643710155894000000 141 431 430 417
643710156895000000 141 422 417
643710157908000000 142 421 429 424
643710158923000000 142 427 424
643710159896000000 141 430 419
643710160895000000 142 418 417 421
643710161895000000 142 422 422
643710162895000000 142 422 422
643710163894000000 142 430 425 425
643710164944000000 142 414 420
643710165894000000 143 415 418 413
643710166895000000 143 421 426
643710167895000000 143 422 425
643710168895000000 142 417 427 424
643710169895000000 143 412 414
643710170894000000 144 416 413 415
643710171908000000 144 415 412
643710172894000000 144 420 419
643710173895000000 144 422 416 420
643710174895000000 143 422 422
643710175894000000 144 412 412 416
643710176894000000 144 414 411
643710177924000000 145 413 414
643710178895000000 145 417 416 412
643710179895000000 145 419 420
643710180903000000 144 420 417
643710181945000000 144 415 421 420
643710182895000000 144 415 407
643710183908000000 145 415 413 409
643710184894000000 145 413 408
643710185894000000 145 414 412 410
643710186895000000 146 410 415
643710187894000000 145 416 415
643710188894000000 145 420 412 420
643710189902000000 144 416 415
643710190895000000 144 416 423 420
643710191895000000 144 416 419
643710192895000000 144 413 416
643710193896000000 145 409 413 405
643710194943000000 145 411 411
643710195907000000 146 411 407 408
643710196894000000 146 412 410
643710197945000000 147 405 408 411
643710198944000000 146 410 408
643710199894000000 146 410 412 412
643710200895000000 146 410 409
643710201909000000 146 404 414
643710202895000000 146 410 411 411
643710203907000000 146 407 408
643710204895000000 147 405 410 403
643710205895000000 147 401 405
643710206895000000 148 406 397 404
643710207894000000 148 403 404
643710208897000000 148 404 401 407
643710209895000000 148 406 407
643710210894000000 148 405 404 408
643710211895000000 148 409 406
643710212906000000 148 403 410 409
643710213895000000 147 408 408
643710214948000000 147 408 411
643710215894000000 147 409 407 412
643710216895000000 147 411 411
643710217897000000 147 408 409 409
643710218894000000 147 406 406
643710219894000000 147 405 404 402
643710220907000000 148 399 404
643710221895000000 148 404 400 400
643710222895000000 149 405 401
643710223895000000 149 401 398 403
643710224895000000 149 403 399
643710225895000000 149 403 405 405
643710226906000000 149 401 405
643710227894000000 149 405 407 402
643710228894000000 149 403 407
643710229894000000 148 404 404
643710230944000000 148 404 407 406
643710231894000000 148 404 407
643710232908000000 148 409 408 408
643710233895000000 148 404 408
643710234894000000 148 407 405 406
643710235895000000 148 407 406
643710236895000000 148 403 405 411
643710237894000000 147 407 407
643710238907000000 147 408 408 410
643710239894000000 147 402 411
643710240895000000 147 410 410 406
643710241895000000 147 412 412
643710242895000000 147 410 412
643710243895000000 146 413 415 410
643710244944000000 146 414 415
643710245895000000 145 417 412 415
643710246945000000 145 409 415
643710247945000000 145 417 417
643710248895000000 145 410 412 415
643710249894000000 145 417 409
643710250908000000 145 413 412 412
643710251894000000 145 414 406
643710252894000000 146 412 409 410
643710253895000000 146 408 407
643710254895000000 146 411 409
643710255895000000 146 411 407 407
643710256895000000 147 412 412
643710257897000000 146 409 410 414
643710258907000000 146 413 413
643710259895000000 146 412 414 415
643710260894000000 145 415 411
643710261894000000 145 412 416
643710262894000000 145 414 417 413
643710263948000000 145 410 417
643710264895000000 145 416 414 407
643710265895000000 145 412 412
643710266895000000 146 409 406 409
643710267895000000 146 413 411
643710268895000000 146 407 409
643710269898000000 146 409 411 409
643710270895000000 146 409 412
643710271895000000 146 414 413 409
643710272909000000 146 413 414
643710273894000000 145 417 414 416
643710274894000000 145 411 418
643710275899000000 145 418 413
643710276895000000 145 411 416 410
643710277896000000 145 406 408
643710278896000000 146 407 404 402
643710279895000000 147 408 408
643710280945000000 147 405 403 412
643710281948000000 147 413 410
643710282895000000 147 409 414 411
643710283895000000 146 409 409
643710284895000000 147 404 402 401
643710285895000000 148 404 405
643710286895000000 148 400 403
643710287908000000 148 404 403 407
643710288895000000 148 406 406
643710289894000000 148 407 404 404
643710290907000000 148 408 404
643710291895000000 149 396 403 397
643710292895000000 149 397 396
643710293907000000 150 396 400 402
643710294894000000 150 400 404
643710295897000000 149 402 405 399
643710296945000000 149 403 402
643710297895000000 150 395 398 396
643710298895000000 151 393 396
643710299944000000 151 396 399 398
643710300895000000 151 396 397
643710301895000000 151 401 399 396
643710302895000000 151 395 395
643710303894000000 152 390 389 396
643710304907000000 152 394 395 394
643710305894000000 152 397 396
643710306897000000 152 397 395 398
643710307895000000 151 398 394
643710308894000000 151 397 396 393
643710309895000000 152 389 395
643710310895000000 152 394 392 392
643710311894000000 152 396 395
643710312897000000 152 394 394 396
643710313958000000 152 396 390
643710314895000000 153 390 391 390
643710315894000000 153 389 393 392
643710316895000000 153 392 394
643710317894000000 153 396 395 387
643710318908000000 153 389 390
643710319895000000 154 388 394 392
643710320895000000 153 396 392
643710321895000000 153 393 395 388
643710322894000000 154 386 389 385
643710323894000000 154 386 387
643710324907000000 154 391 390 390
643710325895000000 154 390 393
643710326895000000 154 393 391 389
643710327895000000 154 388 381
643710328895000000 155 383 389 387
643710329945000000 155 386 389 391
643710330907000000 155 388 391
643710331895000000 154 389 393 390
643710332895000000 154 386 386
643710333895000000 155 386 379 382
643710334895000000 156 385 383
643710335894000000 156 382 385 386
643710336945000000 156 385 384 385
643710337895000000 156 389 382
643710338895000000 156 386 387 388
643710339895000000 156 385 388
643710340895000000 156 384 384 380
643710341895000000 156 381 384 383
643710342898000000 157 380 387
643710343895000000 157 382 385 383
643710344894000000 156 388 387
643710345894000000 156 389 387 390
643710346947000000 155 388 386 382
643710347895000000 156 383 383
643710348898000000 156 379 383 383
643710349896000000 156 384 385
643710350896000000 156 385 387 388
643710351895000000 156 386 390 388
643710352895000000 155 390 391
643710353895000000 154 394 391 389
643710354895000000 154 390 390
643710355895000000 154 390 385 383
643710356895000000 155 384 388 383
643710357895000000 155 385 389
643710358895000000 155 386 386 384
643710359906000000 156 384 384
643710360895000000 156 388 384 384
643710361896000000 156 382 384
643710362945000000 156 384 384 385
643710363895000000 156 384 388 387
643710364895000000 156 388 388
643710365895000000 155 389 388 388
643710366908000000 155 388 390
643710367897000000 155 388 388 389
643710368911000000 155 388 387 387
643710369895000000 155 384 388
643710370895000000 155 388 382 383
643710371895000000 156 387 389
643710372895000000 156 384 384 383
643710373945000000 156 385 383 385
643710374895000000 156 383 383
643710375895000000 156 386 385 384
643710376895000000 156 384 381
643710377894000000 156 385 386 385
643710378894000000 156 383 382 385
643710379958000000 156 383 386
643710380895000000 157 382 381 384
643710381895000000 157 384 386
643710382907000000 156 382 387 383
643710383895000000 156 385 386 388
643710384895000000 156 385 389
643710385924000000 155 388 388 384
643710386895000000 155 389 384
643710387895000000 155 391 387 384
643710388895000000 155 388 385 387
643710389895000000 155 385 384
643710390895000000 156 383 382 383
643710391904000000 156 385 383
643710392895000000 156 383 382 384
643710393895000000 157 381 384 380
643710394895000000 157 382 379
643710395945000000 157 383 381 382
643710396897000000 157 380 383 380
643710397894000000 157 381 380
643710398895000000 158 378 383 381
643710399895000000 158 382 382
643710400895000000 158 380 379 381
643710401895000000 158 381 381 381
643710402895000000 158 379 383
643710403895000000 157 384 379 383
643710404947000000 158 378 382 382
643710405947000000 157 382 378
643710406895000000 158 382 383 381
643710407895000000 158 379 380
643710408894000000 158 383 381 383
643710409897000000 157 381 382 382
643710410897000000 157 381 381
643710411895000000 157 381 383 382
643710412945000000 157 381 382
643710413895000000 157 381 385 382
643710414908000000 157 381 384 381
643710415907000000 157 382 384
643710416908000000 157 383 384 380
643710417895000000 157 382 382 380
643710418894000000 157 386 381
643710419895000000 157 383 384 383
643710420895000000 157 382 382 378
643710421895000000 157 381 380
643710422923000000 158 381 378 381
643710423947000000 158 383 383
643710424896000000 157 380 382 382
643710425895000000 158 379 379 381
643710426895000000 158 378 380
643710427895000000 158 381 381 379
643710428960000000 158 380 381 377
643710429896000000 158 377 375
643710430895000000 159 379 380 377
643710431895000000 159 380 373
643710432945000000 159 378 377 374
643710433894000000 159 376 374 374
643710434908000000 160 372 375
643710435895000000 160 377 374 375
643710436895000000 160 374 375 378
643710437907000000 160 373 371
643710438895000000 160 375 374 373
643710439895000000 161 370 375 372
643710440895000000 161 370 367 376
643710441895000000 161 370 368
643710442895000000 162 369 376 370
643710443895000000 162 370 372 376
643710444895000000 161 372 373
643710445945000000 161 377 372 375
643710446900000000 160 375 377 376
643710447897000000 160 380 376
643710448895000000 159 377 379 377
643710449945000000 159 378 377 380
643710450895000000 159 377 378
643710451895000000 159 380 377 381
643710452895000000 159 376 380
643710453898000000 159 378 376 377
643710454895000000 159 380 377 380
643710455895000000 159 376 378
643710456895000000 159 379 374 379
643710457895000000 159 378 378 374
643710458895000000 159 375 377
643710459907000000 159 377 376 376
643710460908000000 159 380 380 375
643710461945000000 159 375 377
643710462895000000 159 379 376 378
643710463895000000 159 377 378 375
643710464895000000 159 378 379
643710465909000000 159 378 378 379
643710466895000000 158 382 380 380
643710467895000000 158 381 379
643710468895000000 158 381 381 381
643710469902000000 158 383 381
643710470895000000 158 381 380 380
643710471908000000 158 380 380 380
643710472894000000 158 384 380
643710473895000000 157 383 382 375
643710474897000000 158 383 381 381
643710475895000000 158 377 384
643710476895000000 158 380 379 381
643710477908000000 158 378 378
643710478957000000 158 384 382 382
643710479895000000 157 382 386 386
643710480895000000 157 387 382
643710481895000000 156 391 383 392
643710482903000000 156 385 388
643710483952000000 155 388 392 388
643710484895000000 155 394 389
643710485895000000 154 396 396 396
643710486895000000 153 392 398 396
643710487895000000 152 396 396
643710488895000000 152 393 395 394
643710489895000000 152 396 396
643710490897000000 152 395 399 395
643710491895000000 152 396 397
643710492907000000 151 396 396 399
643710493895000000 151 398 398
643710494895000000 151 397 402 400
643710495895000000 150 402 397
643710496896000000 150 402 397 402
643710497895000000 150 398 405
643710498895000000 150 399 400 400
643710499945000000 150 399 396
643710500945000000 150 399 396 402
643710501904000000 150 396 396
643710502908000000 151 395 395 395
643710503895000000 151 394 394
643710504895000000 153 389 388 393
643710505895000000 153 390 389 391
643710506896000000 153 390 394
643710507895000000 153 395 395 396
643710508917000000 152 395 400
643710509895000000 152 401 400
643710510895000000 151 401 398 400
643710511947000000 150 403 402 398
643710512896000000 150 396 399
643710513895000000 150 400 397 400
643710514907000000 150 402 402
643710515897000000 150 400 404
643710516895000000 149 403 404 400
643710517895000000 149 405 398 397
643710518895000000 150 400 395
643710519895000000 151 391 395 396
643710520914000000 151 394 395
643710521895000000 152 395 398 393
643710522895000000 152 397 398
643710523895000000 151 394 399 397
643710524895000000 151 396 398
643710525895000000 151 397 404 397
643710526895000000 151 401 400
643710527897000000 150 398 398 402
643710528895000000 150 400 402
643710529895000000 150 400 402 397
643710530895000000 150 404 402
643710531895000000 149 404 401 407
643710532895000000 149 405 404
643710533895000000 149 406 399 400
643710534895000000 149 400 398
643710535895000000 150 396 397 399
643710536895000000 150 396 396
643710537895000000 151 398 396 403
643710538907000000 150 400 402
643710539907000000 150 402 403 401
643710540895000000 150 398 404
643710541895000000 149 405 406
643710542895000000 149 405 401 402
643710543895000000 150 395 397 399
643710544945000000 150 394 398
643710545908000000 151 393 396 398
643710546895000000 151 398 396
643710547956000000 151 399 398 396
643710548945000000 151 399 401
643710549895000000 151 393 401 399
643710550895000000 151 394 390
643710551945000000 152 394 393 392
643710552895000000 153 387 392
643710553895000000 153 394 394 391
643710554895000000 153 391 390
643710555896000000 153 395 394 391
643710556895000000 153 391 393 393
643710557895000000 153 390 394
643710558895000000 153 390 394 392
643710559895000000 153 388 386
643710560895000000 154 392 389 382
643710561907000000 155 388 388
643710562895000000 155 386 385 390
643710563895000000 155 383 389 391
643710564897000000 155 387 386
643710565895000000 155 387 389 388
643710566895000000 155 386 389
643710567895000000 155 386 391 389
643710568895000000 155 387 389 389
643710569895000000 155 388 390
643710570908000000 154 389 389 386
643710571895000000 155 389 391
643710572895000000 154 387 391 391
643710573895000000 154 388 388
643710574896000000 154 388 389 388
643710575898000000 155 388 390
643710576908000000 154 390 390 392
643710577947000000 154 388 389 388
643710578895000000 154 387 388
643710579907000000 155 384 387 387
643710580895000000 155 386 383
643710581895000000 155 385 389 390
643710582907000000 156 382 383 385
643710583895000000 156 390 384
643710584898000000 155 388 384 387
643710585895000000 155 388 388
643710586895000000 155 385 391 382
643710587895000000 155 387 388 390
643710588945000000 155 380 388
643710589895000000 155 390 387 381
643710590896000000 156 390 383
643710591895000000 156 388 385 389
643710592895000000 156 382 388 389
643710593907000000 155 386 382
643710594908000000 156 384 383 385
643710595896000000 156 380 386
643710596895000000 156 384 383 389
643710597908000000 156 387 386
643710598896000000 156 390 383 385
643710599895000000 156 384 385 388
643710600945000000 156 387 385
643710601947000000 156 386 383 387
643710602895000000 155 390 390
643710603895000000 155 391 391 396
643710604895000000 154 391 393 389
643710605895000000 154 396 390
643710606895000000 153 394 388 393
643710607897000000 153 392 393
643710608895000000 153 392 396 386
643710609895000000 153 395 392
643710610945000000 153 395 390 396
643710611895000000 153 394 394
643710612896000000 153 392 396 396
643710613898000000 152 394 391
643710614895000000 152 397 391 395
643710615895000000 152 396 396 393
643710616897000000 152 393 396
643710617896000000 152 393 396 392
643710618895000000 152 394 393
643710619897000000 152 395 395 393
643710620896000000 152 393 396
643710621895000000 152 393 394 392
643710622896000000 152 396 395
643710623895000000 152 395 392 394
643710624895000000 153 387 399
643710625897000000 153 388 389 390
643710626895000000 153 396 388 391
643710627945000000 153 392 393
643710628895000000 153 394 391 393
643710629895000000 153 394 393
643710630907000000 153 396 391 392
643710631908000000 153 392 395
643710632895000000 153 390 393 391
643710633895000000 153 395 389
643710634895000000 153 390 388 389
643710635895000000 154 394 388 389
643710636895000000 154 388 389
643710637908000000 154 389 391 390
643710638895000000 154 392 391
643710639908000000 154 389 391 391
643710640895000000 154 387 391
643710641895000000 154 390 390 388
643710642895000000 154 391 387 391
643710643954000000 154 390 385
643710644895000000 154 392 386 388
643710645895000000 155 386 393
643710646895000000 155 387 388 389
643710647895000000 155 388 387
643710648933000000 155 389 386 390
643710649909000000 155 384 393 389
643710650895000000 154 389 388
643710651896000000 155 386 391 389
643710652895000000 155 385 394
643710653946000000 154 387 389 388
643710654945000000 154 391 387
643710655958000000 154 389 394 388
643710656895000000 154 389 395 388
643710657895000000 154 392 391
643710658895000000 153 394 390 394
643710659895000000 153 390 393
643710660995000000 153 391 395 389
643710661895000000 153 392 395
643710662909000000 153 393 394 394
643710663895000000 153 394 393
643710664895000000 153 394 396 394
643710665895000000 153 394 389
643710666895000000 153 391 398 396
643710667895000000 152 394 401
643710668898000000 152 393 396 392
643710669896000000 152 396 392 394
643710670896000000 152 395 393
643710671905000000 152 396 391 392
643710672896000000 153 396 391
643710673895000000 153 394 388 394
643710674898000000 153 393 391
643710675896000000 153 392 389 391
643710676948000000 153 391 389
643710677896000000 153 393 391 393
643710678897000000 153 393 393 392
643710679896000000 153 393 394
643710680947000000 153 391 392 389
643710681896000000 153 391 393
643710682896000000 153 393 392 393
643710683896000000 153 392 393
643710684896000000 153 392 393 392
643710685897000000 153 393 389
643710686908000000 153 391 390 389
643710687895000000 154 392 391 389
643710688895000000 154 389 391
643710689895000000 154 390 390 390
643710690896000000 154 391 390
643710691895000000 154 390 390 389
643710692909000000 154 387 387
643710693947000000 155 387 388 386
643710694898000000 155 387 384 385
643710695895000000 155 388 382
643710696895000000 156 385 383 387
643710697895000000 156 385 383
643710698902000000 156 382 381 381
643710699896000000 157 384 376 377
643710700895000000 157 387 381
643710701896000000 157 382 383 392
643710702896000000 156 385 385 388
643710703895000000 156 373 384
643710704896000000 157 380 387 385
643710705949000000 156 395 389
643710706897000000 156 382 384 376
643710707896000000 157 380 382 379
643710708895000000 157 381 384
643710709946000000 157 383 380 374
643710710895000000 158 379 382
643710711898000000 158 370 383 379
643710712898000000 158 381 381 382
643710713896000000 158 384 386
643710714896000000 157 381 384 385
643710715895000000 157 383 382 384
643710716895000000 157 383 381
643710717897000000 157 384 374 380
643710718896000000 158 376 385 382
643710719895000000 157 381 375
643710720895000000 158 377 378 379
643710721895000000 158 382 375
643710722895000000 159 375 378 383
643710723902000000 158 375 384 383
643710724896000000 158 371 379
643710725895000000 159 372 381 373
643710726945000000 159 377 376 377
643710727895000000 159 379 373
643710728895000000 159 379 382 372
643710729904000000 159 378 382 376
643710730896000000 159 379 378
643710731896000000 159 369 379 379
643710732895000000 159 379 373
643710733895000000 159 381 753
643710734895000000 159 380 377 377
643710735904000000 159 371 376
643710736895000000 159 378 378 383
643710737895000000 159 375 381 376
643710738895000000 159 378 380
643710739896000000 159 380 377 378
643710740945000000 158 381 384 375
643710741904000000 158 380 381
643710742949000000 158 382 379 382
643710743895000000 158 385 377 385
643710744895000000 157 384 385
643710745897000000 157 383 384 387
643710746898000000 156 383 382
643710747909000000 156 383 388 388
643710748896000000 156 388 383 386
643710749909000000 156 383 385
643710750895000000 156 385 387 383
643710751895000000 156 385 385
643710752895000000 156 388 389 387
643710753895000000 155 390 391
643710754895000000 155 391 393 396
643710755896000000 154 396 397
643710756896000000 152 400 403 404
643710757896000000 151 407 414
643710758907000000 149 419 426
643710759946000000 142 438 449 450 458
643710760898000000 140 469
643710761896000000 136 465 467
643710762896000000 133 467 461
643710763908000000 132 462 462
643710764898000000 132 452 452 453
643710765896000000 132 444 447
643710766898000000 133 446 444
643710767896000000 134 444 446
643710768896000000 134 442 441 444
643710769895000000 135 439 441
