timestamp hr
643710814899000000 111 549 556
643710815896000000 110 554 555
643710816901000000 110 555
643710817897000000 109 558 552
643710818896000000 109 554 563
643710819896000000 108 563 563
643710820896000000 108 565
643710821896000000 107 574 567
643710822896000000 106 571 569
643710823896000000 106 563 563
643710824896000000 106 573
643710825946000000 106 559 564
643710826896000000 106 566 553
643710827895000000 106
643710828896000000 106 641
643710829896000000 107 2646
643710830896000000 107 542
643710831896000000 108 546 540
643710832896000000 109 543 534
643710833896000000 110 530 525
643710834895000000 112 524 521
643710835896000000 113 529 539
643710836896000000 112 547 554
643710837896000000 111 567
643710838896000000 110 567 569
643710839896000000 108 563 540
643710840896000000 109 545 543
643710841946000000 109 541 547
643710842896000000 110 554
643710843896000000 109 556 562
643710844896000000 108 566 559
643710845896000000 108 555 547
643710846896000000 109 541 534
643710847896000000 110 528 524
643710848896000000 112 518 514
643710849896000000 114 511 507
643710850896000000 115 505 502
643710851896000000 117 500 498
643710852896000000 118 489 495
643710853946000000 119 500 488
643710854896000000 120 500 508
643710855896000000 120 520
643710856896000000 118 532 535
643710857896000000 116 536 536
643710858996000000 115 536 535
643710859896000000 114 533 531
643710860896000000 113 527 525
643710861896000000 114 520 516
643710862896000000 115 512 506
643710863896000000 116 504 503
643710864896000000 117 498 495
643710865896000000 118 503 506
643710866896000000 119 527
643710867896000000 116 569 600
643710868896000000 111 606 604
643710869896000000 108 613
643710870896000000 105 600 587
643710871896000000 104 577 570
643710872896000000 104 563 556
643710873896000000 106 550 544
643710874946000000 107 539
643710875896000000 108 533 533
643710876896000000 110 530 526
643710877896000000 111 527 535
643710878896000000 112 544 563
643710879896000000 111 581
643710880896000000 108 604 596
643710881896000000 105 598 594
643710882896000000 104 602
643710883896000000 103 598 596
643710884896000000 102 595 591
643710885896000000 102 589 581
643710886896000000 102 585
643710887896000000 102 581 579
643710888896000000 103 576 573
643710889896000000 103 578
643710890896000000 103 584 589
643710891946000000 102 618 626
643710892897000000 101 616
643710893896000000 100 609 602
643710894896000000 100 593 585
643710895896000000 101 579 575
643710896896000000 101 572
643710897896000000 103 575 583
643710898896000000 103 600
643710899896000000 102 627 643
643710900896000000 100 667
643710901946000000 96 702 686
643710902896000000 95 674
643710903896000000 93 637 620
643710904896000000 94 623 620
643710905896000000 94 630
643710906896000000 95 618 613
643710907896000000 96 607 600
643710908896000000 97 593
643710909896000000 99 563 583
643710910896000000 101 572 566
643710911896000000 102 570 574
643710912896000000 103 575
643710913896000000 103 570 586
643710914896000000 103 583 585
643710915896000000 103 584
643710916896000000 103 585 583
643710917896000000 103 581 578
643710918896000000 103 574 572
643710919897000000 104 569
643710920896000000 104 565 566
643710921896000000 105 563 574
643710922896000000 105 597
643710923896000000 104 611 628
643710924947000000 101 644 658
643710925896000000 99 647
643710926896000000 97 648 626
643710927897000000 96 618
643710928896000000 97 608 602
643710929896000000 98 592 581
643710930896000000 100 576 572
643710931896000000 100 565
643710932896000000 102 563 566
643710933896000000 104 577 598
643710934896000000 103 630
643710935896000000 101 632 637
643710936896000000 100 641
643710937896000000 97 654 641
643710938896000000 96 635
643710939896000000 96 644 642
643710940896000000 95 644 633
643710941896000000 95 629
643710942896000000 95 621 621
643710943896000000 96 617 610
643710944896000000 96 613
643710945896000000 97 608 617
643710946896000000 97 634
643710947896000000 96 655 668
643710948896000000 95 665
643710949896000000 94 665 669
643710950896000000 93 655
643710951896000000 92 651 646
643710952896000000 92 640
643710953946000000 93 632 623
643710954896000000 94 627 626
643710955896000000 94 621
643710956896000000 95 629 636
643710957946000000 95 644
643710958896000000 94 637 634
643710959896000000 95 626 619
643710960897000000 95 609
643710961896000000 96 601 593
643710962896000000 98 585 579
643710963896000000 100 575 570
643710964896000000 101 563
643710965896000000 103 572 580
643710966896000000 103 585
643710967896000000 103 603 637
643710968896000000 100 640 633
643710969896000000 99 632
643710970896000000 98 625 616
643710971896000000 97 610 603
643710972896000000 98 595
643710973896000000 99 588 582
643710974896000000 100 574 555
643710975896000000 103 568 554
643710976896000000 103 555
643710977896000000 105 560 563
643710978896000000 105 574 581
643710979896000000 105 601
643710980896000000 103 605 634
643710981896000000 100 650 639
643710982896000000 99 636
643710983896000000 97 627 624
643710984896000000 97 618
643710985896000000 97 614 614
643710986896000000 97 608 608
643710987896000000 98 604
643710988896000000 98 601 600
643710989896000000 99 597 594
643710990946000000 100 591 587
643710991896000000 100 586
643710992896000000 101 582 577
643710993897000000 102 576 580
643710994896000000 102 585
643710995896000000 102 591 592
643710996896000000 102 598 595
643710997896000000 102 610
643710998896000000 100 641 657
643710999896000000 99 647
643711000896000000 96 648 643
643711001896000000 96 656
643711002896000000 95 640 635
643711003896000000 95 628 619
643711004896000000 95 614
643711005896000000 96 607 601
643711006896000000 97 594 587
643711007896000000 98 570
643711008896000000 100 580 571
643711009896000000 102 586 595
643711010897000000 102 611
643711011896000000 100 619 631
643711012896000000 100 628
643711013896000000 98 638 649
643711014896000000 97 654
643711015896000000 95 644 651
643711016896000000 94 650 645
643711017896000000 94 634
643711018896000000 94 629 635
643711019896000000 94 629
643711020896000000 95 625 621
643711021896000000 95 617 612
643711022896000000 96 607
643711023946000000 97 604 601
643711024896000000 98 586 593
643711025896000000 99 596
643711026897000000 99 610 632
643711027896000000 99 638
643711028896000000 97 647 664
643711029896000000 96 664
643711030896000000 94 659 658
643711031896000000 93 646 632
643711032896000000 93 623
643711033896000000 94 611 604
643711034896000000 96 597 572
643711035896000000 97 591
643711036896000000 99 574 569
643711037897000000 101 565 583
643711038896000000 102 589
643711039896000000 101 637 661
643711040946000000 100 707
643711041896000000 97 729
643711042896000000 93 729 673
643711043896000000 91 707 688
643711044897000000 90 668
643711045895000000 90 635 641
643711046895000000 91 652
643711047895000000 91 646 635
643711048896000000 92 633
643711049895000000 92 643 644
643711050894000000 93 651
643711051896000000 92 658 671
643711052896000000 92 695
643711053896000000 91 707 697
643711054895000000 90 700
643711055896000000 89 710
643711056946000000 88 678 677
643711057896000000 88 674 667
643711058896000000 89 659
643711059896000000 89 627 635
643711060895000000 90 634
643711061897000000 91 642 651
643711062895000000 92 647
643711063896000000 92 658 666
643711064896000000 92 667
643711065895000000 91 658 650
643711066896000000 91 665
643711067897000000 91 656 634
643711068896000000 92 642 645
643711069895000000 92 646
643711070897000000 92 637 647
643711071896000000 93 648
643711072895000000 93 656 631
643711073947000000 93 650
643711074896000000 93 650 648
643711075896000000 93 641
643711076896000000 93 634
643711077896000000 94 598 1212
643711078896000000 95 593
643711079896000000 97 604 606
643711080896000000 97 620 632
643711081895000000 97 640
643711082896000000 96 640 641
643711083896000000 96 636
643711084896000000 95 635 633
643711085898000000 95 632
643711086896000000 95 642 654
643711087897000000 95 673
643711088896000000 93 675 677
643711089946000000 92 676
643711090896000000 91 676 657
643711091895000000 91 647
643711092896000000 92 641 637
643711093896000000 92 637 640
643711094896000000 93 648
643711095896000000 93 661
643711096896000000 92 673 681
643711097896000000 92 682
643711098896000000 91 682 700
643711099896000000 90 714
643711100896000000 89 692 707
643711101896000000 88 707
643711102896000000 87 702 663
643711103896000000 87 669
643711104896000000 88 663 659
643711105896000000 89 655
643711106946000000 89 651 650
643711107946000000 90 647
643711108896000000 91 647 646
643711109896000000 91 646
643711110896000000 92 643 640
643711111896000000 92 639 635
643711112897000000 92 633
643711113896000000 93 632 629
643711114896000000 94 629
643711115896000000 94 630 626
643711116896000000 94 655
643711117896000000 94 692
643711118896000000 92 743 735
643711119897000000 90 768
643711120896000000 89 776
643711121896000000 86 768 737
643711122946000000 85 735
643711123896000000 84 725 694
643711124896000000 84 682
643711125896000000 85 677 676
643711126896000000 86 677
643711127896000000 86 672 667
643711128896000000 87 663
643711129896000000 88 659 643
643711130896000000 88 656
643711131896000000 89 655 664
643711132896000000 90 670
643711133896000000 90 678 689
643711134896000000 89 663
643711135896000000 89 657 652
643711136895000000 90 653
643711137896000000 90 654 649
643711138896000000 91 632 639
643711139946000000 92 628
643711140896000000 93 624 612
643711141896000000 93 606
643711142896000000 95 624 654
643711143896000000 95 690
643711144896000000 94 756
643711145897000000 90 753 774
643711146896000000 88 774
643711147896000000 87 778
643711148896000000 85 758 747
643711149896000000 84 729
643711150896000000 84 712 693
643711151896000000 84 688
643711152896000000 85 673 665
643711153896000000 85 671
643711154896000000 86 670 675
643711155896000000 87 664
643711156896000000 87 664
643711157896000000 88 685 700
643711158898000000 88 686
643711159896000000 88 675 669
643711160896000000 88 657 650
643711161896000000 89 643
643711162896000000 90 638 640
643711163896000000 91 650
643711164896000000 91 669
643711165896000000 91 689 722
643711166896000000 90 766
643711167896000000 88 788
643711168896000000 86 751 768
643711169896000000 85 752
643711170896000000 84 723 703
643711171896000000 84 698
643711172946000000 84 688 686
643711173896000000 85 647
643711174896000000 86 662 658
643711175896000000 87 660
643711176896000000 88 667 679
643711177896000000 88 682
643711178896000000 88 685
643711179897000000 88 690 701
643711180896000000 88 716
643711181896000000 87 726
643711182896000000 86 727 727
643711183896000000 86 729
643711184896000000 85 729 715
643711185896000000 85 704
643711186897000000 85 705 710
643711187896000000 85 714
643711188947000000 85 699
643711189896000000 85 708 720
643711190896000000 85 710
643711191896000000 85 712 705
643711192896000000 85 712
643711193896000000 85 679
643711194896000000 85 681 679
643711195897000000 86 678 662
643711196896000000 86 674
643711197896000000 87 676
643711198896000000 87 685 687
643711199896000000 87 694
643711200896000000 87 710 716
643711201896000000 87 700
643711202896000000 86 701 702
643711203896000000 86 701
643711204896000000 86 676 676
643711205946000000 87 667
643711206896000000 87 662
643711207896000000 88 663 689
643711208896000000 88 693
643711209896000000 88 679 688
643711210896000000 88 695
643711211896000000 87 687 699
643711212946000000 87 700
643711213896000000 87 703 673
643711214896000000 87 700
643711215896000000 87 688
643711216896000000 87 693 704
643711217896000000 87 699
643711218896000000 86 719 727
643711219895000000 86 724
643711220896000000 86 725
643711221946000000 85 715 714
643711222896000000 85 719
643711223897000000 85 716 698
643711224896000000 85 697
643711225896000000 85 700 699
643711226897000000 85 689
643711227896000000 85 698
643711228896000000 85 720 720
643711229896000000 85 715
643711230897000000 85 696 690
643711231896000000 85 694
643711232896000000 85 692 684
643711233896000000 86 682
643711234896000000 86 678 678
643711235896000000 87 668
643711236896000000 87 674
643711237896000000 87 685 702
643711238946000000 87 728
643711239896000000 87 730
643711240897000000 86 738 753
643711241896000000 85 753
643711242897000000 84 745 729
643711243896000000 84 718
643711244897000000 84 704 684
643711245896000000 84 677
643711246896000000 85 670 668
643711247897000000 86 666
643711248896000000 87 659 632
643711249896000000 88 661
643711250896000000 88 659
643711251897000000 89 689 743
643711252896000000 88 782
643711253895000000 87 770
643711254948000000 84 771 753
643711255896000000 84 731
643711256899000000 83 706 704
643711257898000000 84 680
643711258896000000 84 676
643711259896000000 85 672 688
643711260896000000 86 743
643711261896000000 85 810
643711262897000000 84 805
643711263896000000 82 820 813
643711264947000000 81 778
643711265897000000 81 792
643711266896000000 80 772 755
643711267896000000 80 721
643711268896000000 80 709 700
643711269896000000 81 693
643711270896000000 82 686 688
643711271946000000 82 695
643711272896000000 83 712
643711273895000000 83 726 735
643711274896000000 83 721
643711275896000000 83 735
643711276896000000 83 729 706
643711277896000000 83 699
643711278897000000 84 696 683
643711279897000000 84 673
643711280896000000 85 664 661
643711281896000000 87 654 648
643711282896000000 87 650
643711283898000000 88 655
643711284897000000 89 669 691
643711285896000000 89 709
643711286897000000 88 733
643711287946000000 87 728 743
643711288896000000 86 749
643711289896000000 85 765
643711290896000000 84 755 740
643711291896000000 83 736
643711292896000000 83 724 703
643711293896000000 83 698
643711294896000000 84 702 710
643711295896000000 84 700
643711296896000000 84 705
643711297896000000 84 727 742
643711298897000000 84 750
643711299896000000 83 758
643711300897000000 83 765 737
643711301896000000 82 733
643711302896000000 82 727
643711303896000000 82 708 700
643711304947000000 83 698
643711305896000000 83 699 682
643711306896000000 84 688
643711307896000000 85 674 681
643711308896000000 85 694
643711309896000000 85 709 707
643711310897000000 85 710
643711311896000000 85 715
643711312896000000 85 718 710
643711313946000000 85 699
643711314896000000 85 681 665
643711315896000000 86 661
643711316896000000 87 670 686
643711317896000000 87 707
643711318896000000 87 744
643711319896000000 85 778 784
643711320896000000 84 777
643711321896000000 83 766
643711322896000000 82 756 729
643711323896000000 82 720
643711324896000000 82 717
643711325896000000 82 718 708
643711326896000000 83 702
643711327898000000 83 709
643711328896000000 83 736 776
643711329896000000 83 750
643711330897000000 82 760
643711331896000000 82 741 741
643711332896000000 82 736
643711333896000000 82 724 714
643711334897000000 82 708
643711335896000000 82 703 687
643711336896000000 83 691
643711337946000000 83 698
643711338896000000 84 722 767
643711339896000000 83 789
643711340896000000 83 780
643711341896000000 82 799
643711342897000000 81 782 759
643711343896000000 80 735
643711344897000000 81 722 715
643711345896000000 81 703
643711346896000000 81 690
643711347897000000 82 695 708
643711348897000000 83 709
643711349899000000 83 709 698
643711350896000000 83 691
643711351896000000 84 688 688
643711352896000000 84 685
643711353895000000 85 666 670
643711354897000000 86 666
643711355896000000 87 648 670
643711356895000000 88 667
643711357896000000 88 679 692
643711358896000000 88 685
643711359896000000 88 689 692
643711360896000000 88 683
643711361896000000 88 669 662
643711362896000000 88 653
643711363897000000 89 650 656
643711364947000000 89 672
643711365946000000 90 696
643711366904000000 89 716 742
643711367904000000 88 766
643711368904000000 87 767
643711369896000000 85 733 736
643711370954000000 84 733
643711371896000000 84 730 694
643711372897000000 84 695
643711373899000000 84 710
643711374896000000 84 711 702
643711375897000000 84 721
643711376897000000 84 738 737
643711377897000000 84 710
643711378896000000 84 695
643711379896000000 84 687 678
643711380896000000 85 675
643711381896000000 86 664 652
643711382897000000 87 646 638
643711383896000000 88 637
643711384897000000 90 644 650
643711385897000000 90 650
643711386895000000 90 670
643711387897000000 90 690 715
643711388897000000 89 741
643711389896000000 88 723
643711390897000000 87 746 743
643711391897000000 86 763
643711392896000000 84 752 697
643711393896000000 84 711
643711394896000000 84 692 687
643711395896000000 85 679
643711396897000000 86 664 659
643711397896000000 86 659
643711398896000000 87 667 675
643711399896000000 88 685
643711400897000000 88 690
643711401896000000 88 695 701
643711402896000000 87 704
643711403954000000 87 703 705
643711404897000000 87 708
643711405896000000 86 707 688
643711406897000000 86 695
643711407896000000 86 699
643711408896000000 86 704 694
643711409896000000 86 703
643711410896000000 86 726 727
643711411896000000 85 673
643711412897000000 86 688 674
643711413897000000 86 670
643711414896000000 87 670 667
643711415954000000 87 649
643711416997000000 89 647 646
643711417896000000 89 642
643711418896000000 90 643 646
643711419895000000 91 656
643711420997000000 91 670 685
643711421897000000 91 695
643711422897000000 89 716 716
643711423896000000 88 692
643711424896000000 88 698 683
643711425896000000 88 673
643711426897000000 88 659 647
643711427897000000 89 646
643711428896000000 89 663
643711429897000000 89 690 716
643711430897000000 89 729
643711431897000000 87 711 723
643711432896000000 87 726
643711433897000000 86 729
643711434896000000 85 736 723
643711435897000000 85 733
643711436953000000 85 753
643711437896000000 84 770 779
643711438898000000 83 756
643711439897000000 82 761
643711440897000000 82 766 755
643711441897000000 81 731
643711442896000000 81 735
643711443896000000 81 743 739
643711444896000000 81 718
643711445897000000 81 730
643711446896000000 82 744 742
643711447897000000 81 740
643711448897000000 81 741 747
643711449897000000 81 718
643711450896000000 81 727
643711451896000000 82 713 711
643711452896000000 82 684
643711453954000000 82 693
643711454897000000 83 688 723
643711455896000000 84 788
643711456897000000 83 809
643711457896000000 82 831
643711458896000000 80 832 814
643711459897000000 80 771
643711460897000000 79 760 739
643711461954000000 79 726
643711462954000000 79 704
643711463897000000 81 680 703
643711464898000000 81 705
643711465896000000 82 731
643711466897000000 82 800
643711467897000000 81 813 832
643711468896000000 80 835
643711469955000000 79 832
643711470897000000 78 806
643711471897000000 78 796 773
643711472896000000 77 752
643711473896000000 78 717 703
643711474896000000 79 700
643711475897000000 79 707
643711476897000000 80 700 705
643711477896000000 81 717
643711478897000000 81 743
643711479897000000 81 795
643711480896000000 81 868
643711481897000000 79 953 906
643711482897000000 77 846
643711483897000000 76 750 721
643711484896000000 77 705
643711485897000000 78 686
643711486954000000 79 684 688
643711487897000000 80 688
643711488897000000 82 688 688
643711489897000000 82 684
643711490896000000 83 682 682
643711491897000000 84 689
643711492897000000 84 707
643711493897000000 85 741
643711494897000000 84 784 809
643711495896000000 83 813
643711496897000000 82 809
643711497897000000 80 787 758
643711498897000000 80 744
643711499897000000 80 737
643711500897000000 80 732 736
643711501897000000 80 754
643711502954000000 80 771
643711503897000000 80 756 723
643711504896000000 80 746
643711505897000000 80 740
643711506898000000 80 748 748
643711507897000000 80 743
643711508897000000 81 729 702
643711509897000000 81 685
643711510897000000 82 683 671
643711511897000000 83 673
643711512897000000 84 685
643711513897000000 84 714 711
643711514897000000 84 733
643711515897000000 84 734 728
643711516897000000 84 689
643711517897000000 84 699 681
643711518897000000 84 674
643711519954000000 86 663 657
643711520954000000 86 651
643711521897000000 88 645 639
643711522897000000 89 639
643711523897000000 90 634 640
643711524897000000 91 650
643711525897000000 91 661 673
643711526897000000 91 684
643711527896000000 90 691 696
643711528899000000 89 690
643711529897000000 89 698 711
643711530900000000 88 727
643711531897000000 88 720
643711532897000000 87 708 707
643711533897000000 86 711
643711534897000000 86 720
643711535954000000 85 727 744
643711536897000000 85 774
643711537898000000 84 799
643711538897000000 83 752 752
643711539897000000 82 745
643711540897000000 82 730 705
643711541897000000 82 705
643711542897000000 82 711
643711543897000000 83 670 696
643711544897000000 84 670
643711545897000000 85 671 666
643711546897000000 86 657 656
643711547897000000 87 659
643711548897000000 87 667
643711549897000000 88 684 705
643711550897000000 88 732
643711551897000000 87 731
643711552954000000 86 729 729
643711553897000000 85 721
643711554897000000 85 713 693
643711555897000000 85 699
643711556897000000 85 699 704
643711557897000000 85 688
643711558897000000 85 703
643711559897000000 85 720
643711560897000000 85 782
643711561897000000 83 880 839
643711562897000000 82 848
643711563897000000 80 832
643711564955000000 79 799 761
643711565897000000 79 736
643711566897000000 79 723 715
643711567897000000 80 697
643711568954000000 80 702
643711569897000000 81 718 731
643711570897000000 81 718
643711571896000000 81 738
643711572954000000 81 759 783
643711573897000000 81 755
643711574897000000 81 773
643711575897000000 80 783 765
643711576897000000 80 724
643711577897000000 80 729
643711578897000000 81 722 716
643711579897000000 81 700
643711580897000000 82 709 718
643711581897000000 82 741
643711582897000000 82 760
643711583897000000 82 771
643711584897000000 81 772 769
643711585955000000 81 733
643711586897000000 81 747
643711587897000000 81 745 748
643711588897000000 81 749
643711589897000000 81 738 743
643711590897000000 81 743
643711591897000000 81 728
643711592897000000 81 739 739
643711593897000000 81 756
643711594897000000 81 746
643711595897000000 81 747 758
643711596897000000 81 765
643711597897000000 80 756
643711598897000000 80 745
643711599897000000 80 748 754
643711600897000000 80 755
643711601955000000 80 719 736
643711602897000000 80 742
643711603897000000 81 744
643711604897000000 81 720 741
643711605897000000 81 747
643711606897000000 81 749
643711607897000000 81 721 736
643711608897000000 81 735
643711609896000000 81 734 712
643711610897000000 81 720
643711611897000000 82 715
643711612897000000 82 715 690
643711613897000000 82 703
643711614897000000 83 720
643711615897000000 83 747 755
643711616897000000 83 754
643711617897000000 82 765
643711618955000000 81 771 755
643711619897000000 81 757
643711620897000000 81 753
643711621897000000 81 745 723
643711622897000000 81 705
643711623897000000 82 715 727
643711624897000000 82 752
643711625897000000 82 739
643711626897000000 82 762
643711627897000000 81 769 772
643711628955000000 81 745
643711629897000000 80 760 761
643711630897000000 80 745
643711631897000000 80 711
643711632897000000 81 719 711
643711633897000000 81 715
643711634955000000 81 694
643711635897000000 82 714 730
643711636897000000 82 766
643711637897000000 82 750
643711638897000000 82 763 758
643711639897000000 81 763
643711640897000000 81 725 734
643711641897000000 81 725
643711642897000000 81 723
643711643897000000 82 706 715
643711644897000000 82 721
643711645897000000 82 749
643711646897000000 82 754 768
643711647897000000 82 771
643711648897000000 81 771
643711649897000000 81 732 735
643711650897000000 81 718
643711651955000000 81 705 685
643711652897000000 82 679
643711653897000000 83 673 687
643711654897000000 84 710
643711655897000000 84 712
643711656897000000 84 738 753
643711657897000000 84 705
643711658897000000 83 740
643711659897000000 83 709 709
643711660897000000 83 712
643711661898000000 84 720 714
643711662897000000 84 707
643711663897000000 84 705 700
643711664897000000 84 694
643711665897000000 84 686
643711666897000000 85 689 694
643711667955000000 85 704
643711668897000000 85 695 705
643711669897000000 85 710
643711670897000000 85 728
643711671897000000 85 735 714
643711672897000000 84 730
643711673897000000 84 741
643711674897000000 84 751 755
643711675897000000 83 721
643711676897000000 83 693 675
643711677897000000 84 648
643711678898000000 85 648 660
643711679897000000 86 678
643711680897000000 87 746
643711681897000000 85 797 777
643711682897000000 84 779
643711683897000000 83 772
643711684955000000 82 766 754
643711685897000000 82 739
643711686897000000 82 720
643711687897000000 82 709 700
643711688897000000 82 701
643711689897000000 83 712 722
643711690897000000 83 746
643711691897000000 83 763
643711692897000000 82 764 760
643711693897000000 82 762
643711694897000000 81 747
643711695897000000 81 745 734
643711696897000000 81 734
643711697897000000 81 713
643711698897000000 82 716 718
643711699897000000 82 725
643711700897000000 82 708 736
643711701897000000 82 766
643711702897000000 82 748
643711703897000000 82 739 718
643711704897000000 82 657
643711705897000000 83 671 661
643711706897000000 84 653
643711707897000000 86 650 643
643711708897000000 88 643 643
643711709898000000 88 640
643711710897000000 90 633 636
643711711897000000 91 647
643711712897000000 91 665
643711713897000000 91 681 709
643711714897000000 90 725
643711715897000000 88 734 727
643711716897000000 87 716
643711717954000000 87 714
643711718897000000 86 710 717
643711719897000000 86 710
643711720897000000 86 732
643711721897000000 85 764 790
643711722897000000 84 771
643711723898000000 83 789
643711724897000000 82 796 775
643711725897000000 81 739
643711726897000000 81 750
643711727897000000 81 748 731
643711728897000000 81 727
643711729897000000 81 744
643711730897000000 81 776 761
643711731897000000 80 751
643711732898000000 80 757
643711733897000000 80 767 750
643711734897000000 80 738
643711735897000000 80 729
643711736897000000 81 719 698
643711737897000000 81 698
643711738955000000 82 700 716
643711739955000000 82 733
643711740897000000 82 732
643711741897000000 82 755 773
643711742897000000 82 773
643711743897000000 81 755
643711744897000000 81 754 756
643711745897000000 81 734
643711746897000000 81 725
643711747897000000 81 719 722
643711748897000000 81 718
643711749897000000 82 719
643711750954000000 82 730 752
643711751897000000 82 770
643711752897000000 81 741
643711753901000000 81 766 768
643711754897000000 81 760
643711755897000000 80 738 736
643711756897000000 81 723
643711757897000000 81 708
643711758897000000 82 698 696
643711759897000000 82 697
643711760897000000 83 705 689
643711761897000000 83 712
643711762897000000 83 732
643711763897000000 83 772
643711764897000000 83 747 762
643711765897000000 82 775
643711766897000000 81 766 739
643711767897000000 81 738
643711768897000000 81 727
643711769897000000 81 718 691
643711770897000000 82 697
643711771897000000 83 686 688
643711772898000000 83 679
643711773898000000 84 692 684
643711774897000000 85 683
643711775897000000 85 674 646
643711776897000000 86 658
643711777897000000 88 649 649
643711778897000000 88 648
643711779897000000 89 649 649
643711780897000000 90 643 646
643711781897000000 91 635
643711782897000000 92 627 632
643711783954000000 92 623
643711784897000000 94 604 617
643711785897000000 95 608 604
643711786897000000 96 609
643711787897000000 97 608 602
643711788897000000 97 616 614
643711789897000000 97 607
643711790898000000 98 608 627
643711791955000000 98 645
643711792955000000 96 666 679
643711793897000000 95 682
643711794897000000 93 671 679
643711795897000000 92 692
643711796897000000 91 664 631
643711797897000000 91 645
643711798897000000 92 642 636
643711799897000000 93 632 623
643711800897000000 93 613
643711801897000000 95 609 605
643711802896000000 96 598 586
643711803896000000 97 582
643711804897000000 99 587 588
643711805897000000 100 586 599
643711806896000000 100 605
643711807897000000 100 624 639
643711808897000000 99 666
643711809897000000 96 669 659
643711810897000000 95 645
643711811898000000 94 667 672
643711812897000000 93 686
643711813897000000 92 696 681
643711814897000000 91 694
643711815897000000 90 698
643711816955000000 89 688 678
643711817897000000 89 681
643711818897000000 89 683 675
643711819897000000 89 678
643711820897000000 89 685 695
643711821897000000 88 693
643711822897000000 88 715
643711823897000000 87 723 702
643711824897000000 87 710
643711825897000000 86 709 696
643711826897000000 86 693
643711827898000000 86 697 690
643711828897000000 86 675
643711829897000000 87 693 694
643711830898000000 87 685
643711831897000000 87 701
643711832897000000 87 695 695
643711833955000000 87 682
643711834898000000 87 684 668
643711835897000000 87 677
643711836897000000 88 672 667
643711837897000000 88 662
643711838896000000 88 668 670
643711839897000000 89 665
643711840897000000 89 671 674
643711841896000000 89 683
643711842896000000 89 684 693
643711843896000000 89 701
643711844955000000 88 702 698
643711845955000000 88 720
643711846897000000 87 708
643711847897000000 86 706 708
643711848897000000 86 708
643711849997000000 86 695 723
643711850898000000 86 724
643711851898000000 85 712
643711852897000000 85 719 724
643711853897000000 85 728
643711854897000000 84 705 721
643711855897000000 84 710
643711856897000000 85 690 698
643711857897000000 85 689
643711858897000000 85 679 662
643711859897000000 86 672
643711860897000000 86 651
643711861897000000 88 658 680
643711862897000000 88 676
643711863897000000 88 688 692
643711864897000000 88 702
643711865897000000 87 697 706
643711866947000000 87 700
643711867897000000 87 697 664
643711868897000000 87 677
643711869897000000 87 672 677
643711870897000000 88 674
643711871897000000 88 687
643711872898000000 88 713 739
643711873898000000 87 739
643711874898000000 86 740
643711875897000000 85 729 722
643711876897000000 85 705
643711877898000000 85 713 715
643711878898000000 85 704
643711879897000000 85 706 709
643711880897000000 85 709
643711881896000000 85 692
643711882947000000 85 708 709
643711883897000000 85 712
643711884897000000 85 696 706
643711885897000000 85 703
643711886897000000 85 702 688
643711887897000000 85 693
643711888897000000 85 694
643711889897000000 86 678 687
643711890897000000 86 695
643711891897000000 86 716 708
643711892898000000 86 727
643711893898000000 86 732
643711894947000000 85 712 724
643711895897000000 85 724
643711896897000000 84 711 700
643711897897000000 84 707
643711898897000000 85 710
643711899997000000 85 706 704
643711900897000000 85 708
643711901897000000 85 707 688
643711902897000000 85 689
643711903897000000 86 669 679
643711904897000000 86 668
643711905896000000 87 658 656
643711906897000000 88 653
643711907897000000 89 662 673
643711908898000000 89 688
643711909897000000 88 705 702
643711910897000000 88 727
643711911897000000 87 728
643711912897000000 86 726 716
643711913897000000 86 728
643711914897000000 85 747
643711915946000000 85 772
643711916896000000 83 788 815
643711917896000000 82 813
643711918897000000 81 788
643711919897000000 80 773 766
643711920897000000 80 746
643711921897000000 80 734
643711922897000000 80 726 718
643711923897000000 81 706
643711924898000000 81 708 717
643711925898000000 82 716
643711926897000000 82 708
643711927897000000 82 713 704
643711928897000000 83 715
643711929897000000 83 718 721
643711930896000000 83 705
643711931897000000 83 721
643711932947000000 83 721 718
643711933897000000 83 705
643711934898000000 84 710 716
643711935897000000 84 740
643711936896000000 84 746
643711937897000000 83 753 768
643711938898000000 82 758
643711939897000000 82 730
643711940897000000 82 734 737
643711941897000000 82 758
643711942897000000 82 734
643711943897000000 82 732 731
643711944897000000 82 726
643711945897000000 82 712
643711946897000000 82 725 729
643711947947000000 82 733
643711948947000000 82 720 739
643711949898000000 82 752
643711950897000000 82 735
643711951897000000 82 741 738
643711952897000000 82 733
643711953897000000 82 706 713
643711954897000000 82 709
643711955898000000 82 700
643711956897000000 83 700 707
643711957898000000 83 730
643711958898000000 83 723
643711959898000000 83 742 753
643711960897000000 83 776
643711961897000000 82 759
643711962898000000 82 765 741
643711963897000000 81 723
643711964897000000 82 706 711
643711965947000000 82 714
643711966898000000 82 707
643711967898000000 83 700 713
643711968897000000 83 738
643711969897000000 83 728
643711970897000000 83 757 761
643711971897000000 82 750
643711972897000000 82 742
643711973897000000 82 745 740
643711974897000000 82 721
643711975897000000 82 725 723
643711976897000000 82 724
643711977897000000 82 705
643711978897000000 82 713 723
643711979897000000 83 737
643711980898000000 83 724
643711981947000000 82 742 746
643711982897000000 82 738
643711983897000000 82 723
643711984897000000 82 737 746
643711985897000000 82 744
643711986897000000 82 723 734
643711987897000000 82 741
643711988897000000 82 729
643711989897000000 82 719 717
643711990897000000 82 723
643711991897000000 82 712 714
643711992898000000 83 723
643711993897000000 83 743
643711994898000000 82 738 734
643711995897000000 82 742
643711996897000000 82 752
643711997896000000 82 723 712
643711998947000000 82 711
643711999897000000 83 716 714
643712000897000000 83 688
643712001897000000 83 691 684
643712002897000000 84 651
643712003898000000 86 651 652
643712004897000000 86 740
643712005896000000 86 701
643712006898000000 86 692 683
643712007898000000 86 678
643712008897000000 87 672 665
643712009897000000 88 654 646
643712010897000000 88 645
643712011897000000 89 662
643712012898000000 89 699
643712013897000000 89 771
643712014947000000 88 880
643712015898000000 77 977 922
643712016898000000 76 809
643712017898000000 76 744
643712018897000000 76 732 753
643712019898000000 77 772
643712020897000000 77 726 741
643712021899000000 78 721
643712022898000000 78 731
643712023897000000 79 736 752
643712024897000000 79 766
643712025898000000 79 782
643712026898000000 79 782
643712027898000000 79 772 750
643712028897000000 79 739
643712029897000000 79 734 736
643712030897000000 79 733
643712031948000000 80 740
643712032897000000 80 748 744
643712033898000000 80 743
643712034897000000 80 754
643712035898000000 80 771 754
643712036897000000 80 725
643712037898000000 80 719
643712038898000000 81 708 689
643712039898000000 81 688
643712040898000000 82 689 687
643712041898000000 83 686
643712042898000000 84 687 693
643712043898000000 84 707
643712044898000000 85 698 702
643712045899000000 85 700
643712046898000000 85 707
643712047948000000 85 703 711
643712048898000000 85 721
643712049948000000 85 723 724
643712050947000000 84 707
643712051899000000 84 706
643712052898000000 84 704 694
643712053898000000 85 688
643712054897000000 85 690 688
643712055898000000 85 688
643712056898000000 86 681 682
643712057898000000 86 697
643712058898000000 86 717
643712059898000000 86 707 711
643712060898000000 86 711
643712061898000000 85 711 695
643712062898000000 85 692
643712063898000000 86 686 687
643712064948000000 86 680
643712065899000000 86 684 675
643712066898000000 87 675
643712067898000000 87 663 647
643712068898000000 88 648
643712069898000000 89 652 670
643712070898000000 89 683
643712071898000000 89 710
643712072898000000 88 736 771
643712073898000000 87 754
643712074897000000 86 739
643712075898000000 85 742 736
643712076898000000 84 709
643712077898000000 84 696 683
643712078898000000 85 681
643712079898000000 85 673 678
643712080948000000 86 671
643712081898000000 87 673 684
643712082898000000 87 709
643712083898000000 87 742
643712084897000000 85 750 759
643712085898000000 85 757
643712086898000000 84 736
643712087898000000 83 718 713
643712088898000000 84 711
643712089898000000 84 700 699
643712090898000000 84 707
643712091898000000 84 711
643712092898000000 84 697 702
643712093897000000 85 708
643712094898000000 84 727 723
643712095898000000 84 733
643712096898000000 84 749
643712097948000000 83 787 752
643712098898000000 82 741
643712099948000000 82 728
643712100898000000 82 709 707
643712101898000000 83 711
643712102898000000 83 718 716
643712103898000000 83 729
643712104898000000 83 749
643712105898000000 83 747
643712106898000000 82 760 775
643712107898000000 82 776
643712108898000000 81 750
643712109898000000 81 752 749
643712110898000000 81 729
643712111898000000 81 705 701
643712112898000000 82 690
643712113898000000 83 685 671
643712114898000000 83 639
643712115898000000 85 649 648
643712116898000000 86 663
643712117898000000 87 669 670
643712118898000000 88 680
643712119898000000 88 667 651
643712120898000000 89 642 630
643712121898000000 90 620
643712122898000000 92 630 622
643712123898000000 92 608
643712124898000000 94 634 630
643712125897000000 94 623 630
643712126897000000 94 640
643712127898000000 95 628 606
643712128897000000 95 626
643712129898000000 96 614 611
643712130947000000 96 612 632
643712131897000000 96 624
643712132898000000 96 622
643712133898000000 96 678
643712134898000000 96 739
643712135898000000 94 825
643712136898000000 86 1063
643712137898000000 79 1119
643712138898000000 72 1010 942
643712139897000000 71 821
643712140898000000 71 757 735
643712141898000000 72 708
643712142897000000 73 697
643712143898000000 74 698
643712144898000000 75 729
643712145898000000 76 820 882
643712146898000000 76 915
643712147898000000 75 813
643712148897000000 75 757 757
643712149898000000 75 796
643712150898000000 75 797
643712151898000000 76 740 733
643712152898000000 76 729
643712153898000000 77 729
643712154898000000 78 714 716
643712155898000000 78 690
643712156897000000 79 707
643712157898000000 80 731 770
643712158897000000 80 804
643712159947000000 80 771
643712160898000000 79 768 750
643712161898000000 79 745
643712162898000000 79 727
643712163948000000 80 728 736
643712164898000000 80 752
643712165898000000 80 745
643712166898000000 80 783 821
643712167898000000 79 823
643712168898000000 79 805
643712169898000000 78 810
643712170898000000 78 779 773
643712171899000000 78 776
643712172898000000 78 768
643712173899000000 78 738 737
643712174898000000 78 747
643712175898000000 78 729
643712176899000000 79 732 763
643712177897000000 79 733
643712178897000000 79 742 734
643712179898000000 80 717
643712180898000000 80 729
643712181897000000 80 729 725
643712182897000000 81 732
643712183898000000 81 742
643712184897000000 81 765 750
643712185897000000 81 769
643712186898000000 80 774
643712187897000000 80 790
643712188897000000 80 759 771
643712189898000000 79 777
643712190897000000 79 802
643712191897000000 79 782 768
643712192898000000 79 753
643712193898000000 79 724
643712194897000000 79 728 691
643712195898000000 80 693
643712196948000000 81 712 722
643712197898000000 81 731
643712198897000000 81 752
643712199898000000 81 749 722
643712200897000000 81 716
643712201897000000 82 714 698
643712202897000000 82 685
643712203898000000 83 683
643712204897000000 84 693 702
643712205898000000 84 707
643712206897000000 84 718 734
643712207898000000 84 723
643712208948000000 84 729
643712209898000000 83 723 724
643712210899000000 83 709
643712211898000000 84 722 721
643712212898000000 83 729
643712213997000000 83 712
643712214897000000 83 716 715
643712215896000000 84 721
643712216897000000 84 697 702
643712217897000000 84 697
643712218897000000 84 695 678
643712219897000000 85 667
643712220897000000 86 648 651
643712221898000000 87 647
643712222898000000 88 706 695
643712223898000000 88 698
643712224897000000 87 699
643712225897000000 87 690 685
643712226898000000 87 681
643712227897000000 87 686 694
643712228898000000 87 727
643712229947000000 87 791
643712230898000000 86 887
643712231902000000 81 940
643712232898000000 77 948
643712233898000000 75 906
643712234898000000 74 874 839
643712235897000000 73 781
643712236898000000 73 759
643712237899000000 75 730 737
643712238899000000 75 759
643712239898000000 76 821
643712240898000000 76 817
643712241899000000 76 835
643712242899000000 75 849 839
643712243898000000 74 812
643712244899000000 74 819
643712245898000000 74 768 748
643712246948000000 75 756
643712247899000000 75 765
643712248899000000 76 757 767
643712249898000000 76 770
643712250898000000 76 773
643712251898000000 77 761
643712252899000000 77 771 769
643712253898000000 77 744
643712254898000000 78 733 717
643712255898000000 78 733
643712256898000000 79 771
643712257898000000 79 773
643712258899000000 79 802
643712259898000000 78 846 816
643712260898000000 77 815
643712261948000000 77 818
643712262949000000 77 818
643712263899000000 76 783 773
643712264898000000 76 759
643712265898000000 76 757
643712266898000000 77 744 752
643712267898000000 77 772
643712268898000000 77 824
643712269899000000 77 840
643712270899000000 76 859 864
643712271898000000 75 798
643712272898000000 75 773
643712273899000000 76 754 727
643712274898000000 76 698
643712275898000000 77 696
643712276898000000 79 708 720
643712277898000000 79 740
643712278898000000 79 773
643712279948000000 79 804 784
643712280899000000 79 804
643712281899000000 78 811
643712282900000000 78 765
643712283898000000 78 760 757
643712284900000000 78 745
643712285898000000 79 732 728
643712286898000000 79 726
643712287898000000 79 708
643712288898000000 80 717 728
643712289898000000 80 746
643712290898000000 81 747
643712291898000000 81 777
643712292898000000 80 834 795
643712293898000000 79 798
643712294898000000 79 799
643712295948000000 78 790 756
643712296899000000 78 746
643712297898000000 78 737
643712298898000000 79 730 717
643712299898000000 79 732
643712300948000000 80 730 708
643712301898000000 80 701
643712302898000000 81 705
643712303898000000 81 733 781
643712304898000000 81 764
643712305898000000 81 732
643712306898000000 81 729 723
643712307898000000 81 726
643712308898000000 82 707 704
643712309898000000 82 702
643712310898000000 82 698
643712311898000000 83 715 736
643712312948000000 83 755
643712313897000000 83 738
643712314898000000 82 734 729
643712315898000000 82 702
643712316898000000 83 698 712
643712317898000000 83 703
643712318898000000 83 703
643712319898000000 84 729 725
643712320899000000 83 694
643712321897000000 84 704 692
643712322898000000 84 669
643712323899000000 85 671 671
643712324898000000 86 665
643712325898000000 87 668 682
643712326898000000 87 689
643712327898000000 87 666 662
643712328948000000 88 646 635
643712329898000000 89 618
643712330898000000 91 610 602
643712331898000000 92 606
643712332898000000 94 612 627
643712333899000000 95 665
643712334898000000 94 705
643712335898000000 92 743 778
643712336897000000 90 762
643712337898000000 87 726 731
643712338898000000 86 712
643712339898000000 86 688 680
643712340898000000 86 694
643712341898000000 86 722
643712342898000000 86 763
643712343898000000 84 799 836
643712344898000000 83 800
643712345948000000 82 782
643712346897000000 81 777 777
643712347898000000 80 739
643712348898000000 80 738
643712349898000000 80 737 717
643712350899000000 81 714
643712351899000000 81 718
643712352898000000 81 732 714
643712353898000000 82 726
643712354898000000 82 726 737
643712355898000000 82 726
643712356948000000 82 745
643712357898000000 82 766 744
643712358898000000 81 761
643712359898000000 81 729
643712360898000000 81 725 700
643712361998000000 82 688
643712362898000000 83 676 669
643712363898000000 84 686
643712364898000000 84 726
643712365898000000 84 734 758
643712366897000000 84 780
643712367898000000 83 746
643712368898000000 82 724 720
643712369899000000 82 727
643712370898000000 83 724 717
643712371899000000 83 709
643712372898000000 83 710
643712373898000000 83 701 715
643712374898000000 83 713
643712375898000000 84 686 690
643712376899000000 84 675
643712377898000000 85 674 684
643712378947000000 86 679
643712379898000000 86 686 694
643712380899000000 86 700
643712381899000000 86 686 689
643712382899000000 86 698
643712383899000000 86 695 683
643712384898000000 86 685
643712385899000000 87 660
643712386899000000 87 664 665
643712387898000000 88 666 656
643712388899000000 89 667
643712389899000000 89 666 671
643712390898000000 89 657
643712391898000000 90 646 620
643712392898000000 91 620 608
643712393897000000 92 599
643712394947000000 95 591 587
643712395898000000 97 588 588
643712396900000000 98 603
643712397898000000 99 618
643712398898000000 98 654 716
643712399899000000 96 711
643712400898000000 94 744
643712401898000000 90 741 770
643712402898000000 88 749
643712403898000000 87 741
643712404898000000 85 759 770
643712405898000000 85 716
643712406898000000 84 700 685
643712407898000000 84 687
643712408898000000 85 717
643712409898000000 84 763 724
643712410998000000 84 724
643712411948000000 84 712 715
643712412898000000 84 705
643712413898000000 84 729
643712414898000000 84 749 739
643712415898000000 83 707
643712416898000000 83 718
643712417899000000 83 722 733
643712418898000000 83 744
643712419899000000 83 770
643712420898000000 83 811
643712421898000000 81 794 827
643712422898000000 80 864
643712423898000000 79 894
643712424899000000 78 847
643712425948000000 77 837
643712426899000000 76 830 819
643712427948000000 76 774
643712428898000000 76 784
643712429899000000 76 797
643712430898000000 76 853 805
643712431898000000 75 811
643712432898000000 75 820
643712433899000000 75 813
643712434898000000 75 759 789
643712435899000000 75 758
643712436898000000 76 782
643712437898000000 76 788 764
643712438899000000 76 778
643712439898000000 76 797
643712440899000000 76 829
643712441899000000 76 819
643712442899000000 75 840 854
643712443898000000 75 846
643712444948000000 74 784
643712445898000000 74 783
643712446899000000 75 779 814
643712447898000000 75 798
643712448899000000 75 848
643712449898000000 75 895
643712450898000000 74 864
643712451899000000 73 906
643712452899000000 73 940
643712453899000000 72 848 830
643712454899000000 72 818
643712455899000000 72 806
643712456898000000 72 774
643712457899000000 72 799
643712458898000000 73 854
643712459898000000 73 856
643712460948000000 72 919 978
643712461899000000 71 945
643712462899000000 70 846
643712463898000000 70 832
643712464898000000 70 829 781
643712465899000000 71 788
643712466899000000 71 796
643712467898000000 72 774
643712468898000000 72 804
643712469899000000 73 834 859
643712470899000000 72 852
643712471898000000 72 837
643712472899000000 72 802 770
643712473898000000 73 778
643712474899000000 73 789
643712475899000000 74 763
643712476898000000 74 771
643712477948000000 75 791 841
643712478899000000 74 872
643712479898000000 74 822
643712480898000000 74 801
643712481898000000 74 790 796
643712482898000000 74 767
643712483898000000 74 793
643712484898000000 75 797 795
643712485898000000 75 759
643712486898000000 75 782
643712487898000000 75 800
643712488899000000 75 877
643712489898000000 75 846
643712490898000000 74 888 882
643712491899000000 73 837
643712492898000000 73 831
643712493898000000 73 804 751
643712494898000000 73 746
643712495898000000 74 723
643712496898000000 76 719 751
643712497898000000 76 776
643712498899000000 76 759
643712499898000000 77 734 748
643712500898000000 77 755
643712501898000000 78 773
643712502899000000 78 766 750
643712503899000000 78 755
643712504898000000 79 702 705
643712505898000000 79 679
643712506899000000 81 666 657
643712507899000000 82 644
643712508898000000 84 656 631
643712509948000000 85 623
643712510948000000 87 684 648
643712511899000000 88 646
643712512899000000 89 640 631
643712513899000000 91 618 617
643712514898000000 92 603
643712515899000000 94 597 592
643712516898000000 96 590 596
643712517898000000 97 608
643712518899000000 98 634
643712519899000000 97 714
643712520899000000 93 1055
643712521898000000 85 1004
643712522898000000 76 931 820
643712523898000000 75 761
643712524899000000 75 718
643712525899000000 77 743 813
643712526898000000 77 759
643712527898000000 77 775
643712528899000000 77 776 754
643712529898000000 77 744
643712530898000000 77 763
643712531898000000 78 818
643712532898000000 77 878
643712533898000000 76 857 782
643712534898000000 76 748
643712535899000000 76 723
643712536898000000 77 714 726
643712537899000000 78 786
643712538898000000 78 880
643712539898000000 77 843
643712540898000000 77 838
643712541899000000 76 829 789
643712542898000000 76 787
643712543949000000 76 790
643712544899000000 76 797 780
643712545899000000 76 799
643712546898000000 76 808
643712547899000000 76 813
643712548899000000 75 796
643712549898000000 75 799 838
643712550899000000 75 811
643712551899000000 75 813
643712552898000000 75 840
643712553898000000 75 881
643712554899000000 74 849 871
643712555898000000 73 836
643712556899000000 73 813
643712557949000000 73 790 766
643712558898000000 74 733
643712559898000000 74 716
643712560898000000 76 699 700
643712561899000000 77 703
643712562899000000 79 695 675
643712563898000000 80 693
643712564898000000 81 691 716
643712565900000000 81 750
643712566899000000 82 734
643712567899000000 81 782
643712568899000000 81 775 772
643712569898000000 80 750
643712570898000000 80 747
643712571898000000 80 758 763
643712572899000000 80 747
643712573899000000 80 733
643712574898000000 80 739 739
643712575898000000 80 771
643712576949000000 80 842
643712577899000000 80 992
643712578899000000 76 1021
643712579899000000 75 869
643712580898000000 73 829
643712581898000000 73 800 792
643712582899000000 73 793
643712583899000000 74 758
643712584899000000 74 779
643712585899000000 75 822 863
643712586899000000 74 813
643712587898000000 74 849
643712588899000000 74 850
643712589898000000 73 814 793
643712590898000000 73 787
643712591899000000 74 770
643712592899000000 75 739 751
643712593898000000 75 765
643712594899000000 76 759
643712595899000000 76 832
643712596898000000 76 896
643712597899000000 75 834
643712598898000000 74 867 880
643712599899000000 74 778
643712600898000000 74 755 754
643712601898000000 75 738
643712602898000000 75 714
643712603899000000 77 727 719
643712604899000000 77 705
643712605899000000 79 679 687
643712606899000000 80 734
643712607949000000 80 755
643712608898000000 80 853
643712609949000000 80 904
643712610899000000 77 893 796
643712611899000000 77 789
643712612899000000 77 768
643712613899000000 77 758
643712614899000000 77 762
643712615898000000 77 806
643712616899000000 76 901 904
643712617899000000 75 957
643712618899000000 74 872
643712619899000000 73 829
643712620898000000 73 823 791
643712621899000000 73 758
643712622899000000 74 750
643712623899000000 75 738 718
643712624899000000 76 727
643712625899000000 76 747
643712626949000000 77 735 763
643712627899000000 78 778
643712628898000000 78 767
643712629898000000 78 766 761
643712630899000000 78 769
643712631899000000 78 748
643712632899000000 78 756 772
643712633899000000 78 793
643712634899000000 78 754
643712635899000000 78 772
643712636899000000 78 768 740
643712637899000000 78 759
643712638899000000 78 762
643712639899000000 78 763 766
643712640899000000 78 714
643712641899000000 79 729 724
643712642949000000 80 733
643712643899000000 80 708
643712644903000000 80 763 820
643712645899000000 80 753
643712646899000000 80 720 690
643712647899000000 80 682
643712648899000000 82 666 653
643712649899000000 83 656
643712650899000000 84 665
643712651899000000 85 696
643712652899000000 85 757 762
643712653899000000 84 848
643712654899000000 83 844
643712655899000000 82 795
643712656899000000 80 814 811
643712657899000000 79 739
643712658899000000 80 730 717
643712659949000000 80 702
643712660899000000 81 673 648
643712661899000000 82 632
643712662899000000 85 624 633
643712663899000000 86 669
643712664949000000 87 763
643712665899000000 87 826
643712666899000000 85 859
643712667899000000 82 881 824
643712668899000000 80 818
643712669899000000 79 788 715
643712670899000000 79 712
643712671899000000 80 688
643712672899000000 80 682
643712673899000000 81 709
643712674899000000 82 1199
643712675949000000 84 1067
643712676899000000 84 1024
643712677899000000 81 889 832
643712678899000000 79 811
643712679899000000 78 792
643712680899000000 78 800
643712681899000000 78 817
643712682899000000 77 854 852
643712683899000000 76 861
643712684899000000 76 839
643712685899000000 75 836
643712686899000000 75 838
643712687899000000 74 852
643712688899000000 74 866 888
643712689899000000 73 855
643712690899000000 73 868
643712691899000000 72 899
643712692949000000 72 846
643712693899000000 72 783 760
643712694899000000 72 797
643712695898000000 73 816
643712696899000000 73 803 775
643712697899000000 73 733
643712698899000000 74 714
643712699899000000 76 720 711
643712700899000000 77 734
643712701899000000 77 755
643712702899000000 78 766 774
643712703899000000 78 792
643712704899000000 78 783
643712705899000000 77 776
643712706899000000 77 771 788
643712707899000000 77 768
643712708949000000 77 779
643712709899000000 77 810
643712710899000000 77 821
643712711949000000 77 847
643712712899000000 75 938 934
643712713899000000 74 846
643712714899000000 74 791
643712715899000000 74 800
643712716899000000 74 827
643712717899000000 73 913 830
643712718899000000 73 833
643712719899000000 73 836
643712720899000000 73 790
643712721899000000 73 813 841
643712722899000000 73 811
643712723899000000 73 793
643712724899000000 73 782 761
643712725950000000 74 750
643712726899000000 74 766
643712727899000000 75 789
643712728899000000 75 801
643712729899000000 75 828 842
643712730899000000 75 807
643712731899000000 75 813
643712732899000000 74 796
643712733899000000 75 771 810
643712734899000000 75 838
643712735899000000 75 816
643712736899000000 74 839
643712737899000000 74 866
643712738899000000 74 837 844
643712739899000000 73 853
643712740899000000 73 784
643712741949000000 73 784 774
643712742899000000 74 763
643712743899000000 74 758
643712744899000000 75 771
643712745899000000 75 800
643712746899000000 75 786 818
643712747899000000 75 854
643712748899000000 75 837
643712749899000000 74 834
643712750899000000 74 803 775
643712751899000000 74 756
643712752899000000 75 771
643712753899000000 75 813 762
643712754899000000 75 814
643712755899000000 75 815
643712756899000000 75 799
643712757900000000 75 825
643712758949000000 75 816 788
643712759899000000 75 797
643712760899000000 75 792
643712761899000000 75 786 783
643712762899000000 75 789
643712763899000000 75 759
643712764949000000 76 776 776
643712765950000000 76 753
643712766900000000 76 742
643712767899000000 77 743 733
643712768899000000 77 725
643712769899000000 78 743
643712770899000000 79 746 734
643712771899000000 79 762
643712772899000000 79 767
643712773900000000 79 752 751
643712774949000000 79 735
643712775899000000 79 729 692
643712776899000000 80 704
643712777899000000 81 694
643712778899000000 81 728 779
643712779899000000 81 759
643712780899000000 81 768
643712781899000000 81 769
643712782899000000 80 740 743
643712783899000000 80 748
643712784899000000 80 747
643712785899000000 80 760 768
643712786899000000 80 781
643712787899000000 80 745
643712788899000000 80 768 780
643712789899000000 79 812
643712790899000000 79 791
643712791949000000 79 800
643712792899000000 78 846
643712793899000000 77 830 773
643712794899000000 77 813
643712795899000000 77 810
643712796899000000 77 762 793
643712797899000000 77 804
643712798899000000 76 753
643712799899000000 77 774 765
643712800899000000 77 735
643712801900000000 77 741
643712802899000000 78 729 732
643712803899000000 78 753
643712804899000000 79 734
643712805899000000 79 739 756
643712806900000000 79 764
643712807949000000 79 743
643712808899000000 79 741 750
643712809899000000 80 779
643712810899000000 79 775
643712811899000000 79 779
643712812849000000 79 795 735
643712813849000000 79 760
643712814849000000 79 727 691
643712815849000000 80 709
643712816849000000 80 718
643712817849000000 81 734 764
643712818849000000 81 817
643712819849000000 80 779
643712820849000000 80 790
643712821849000000 79 780 741
643712822849000000 79 755
643712823899000000 79 759
643712824849000000 79 750 728
643712825849000000 79 776
643712826849000000 79 797
643712827900000000 79 806
643712828849000000 78 817 826
643712829849000000 78 798
643712830849000000 77 795
643712831849000000 77 777 762
643712832849000000 77 740
643712833849000000 77 732
643712834849000000 78 709 733
643712835849000000 79 688
643712836849000000 79 694
643712837849000000 81 718 773
643712838849000000 81 788
643712839849000000 80 768
643712840850000000 80 757 744
643712841849000000 80 732
643712842849000000 80 730 740
643712843849000000 80 735
643712844899000000 80 760
643712845849000000 80 796
643712846850000000 80 834
643712847850000000 79 865
643712848849000000 77 913 844
643712849849000000 77 824
643712850849000000 76 807
643712851849000000 76 775 737
643712852850000000 76 745
643712853849000000 77 773
643712854849000000 77 821 763
643712855849000000 77 738
643712856849000000 77 740
643712857849000000 77 808
643712858849000000 77 794 822
643712859850000000 77 800
643712860899000000 77 730 701
643712861850000000 78 670
643712862850000000 79 670
643712863899000000 80 715 736
643712864899000000 81 773
643712865849000000 80 782
643712866849000000 80 782
643712867849000000 79 792 793
643712868849000000 79 768
643712869849000000 79 756
643712870849000000 79 780
643712871849000000 79 810
643712872855000000 78 868
643712873849000000 78 944
643712874849000000 75 987 957
643712875849000000 74 888
643712876849000000 73 831
643712877899000000 73 792
643712878849000000 73 779 800
643712879849000000 73 783
643712880849000000 74 782
643712881850000000 74 791
643712882849000000 74 926 839
643712883849000000 73 779
643712884849000000 73 743
643712885849000000 75 749 753
643712886849000000 75 753
643712887849000000 76 737
643712888849000000 77 745 751
643712889849000000 77 747
643712890849000000 77 753
643712891849000000 78 744
643712892849000000 78 748 803
643712893899000000 78 844
643712894850000000 77 835
643712895849000000 77 883
643712896850000000 76 886
643712897849000000 75 831 829
643712898849000000 75 835
643712899849000000 74 827
643712900849000000 74 812
643712901849000000 74 819
643712902849000000 74 829 824
643712903849000000 74 831
643712904849000000 74 836
643712905849000000 73 808
643712906849000000 73 821 831
643712907849000000 73 786
643712908850000000 73 796
643712909849000000 74 756 743
643712910899000000 75 752
643712911849000000 75 728
643712912850000000 76 742 763
643712913849000000 77 754
643712914849000000 77 775
643712915899000000 77 771
643712916899000000 77 757 769
643712917849000000 77 763
643712918849000000 78 766
643712919849000000 78 740 747
643712920849000000 78 748
643712921849000000 78 721
643712922849000000 79 738 761
643712923849000000 79 785
643712924850000000 79 791
643712925849000000 79 878
643712926899000000 77 883 841
643712927849000000 76 788
643712928849000000 76 789
643712929849000000 76 797
643712930850000000 76 760 789
643712931850000000 76 817
643712932849000000 76 792
643712933849000000 76 783
643712934849000000 76 816 828
643712935850000000 76 767
643712936849000000 76 786
643712937849000000 76 781 753
643712938849000000 76 768
643712939850000000 77 707 680
643712940849000000 78 674
643712941849000000 79 662
643712942849000000 81 665 705
643712943899000000 82 695
643712944849000000 83 672 668
643712945849000000 84 681
643712946849000000 85 677 705
643712947850000000 85 687
643712948849000000 86 665 669
643712949850000000 86 712
643712950849000000 86 754
643712951849000000 86 770
643712952849000000 84 804 805
643712953849000000 83 765
643712954850000000 82 776
643712955849000000 81 777 794
643712956849000000 81 764
643712957849000000 80 803
643712958849000000 80 838
643712959899000000 79 814
643712960849000000 78 815 803
643712961849000000 78 756
643712962849000000 78 760
643712963849000000 78 756 749
643712964899000000 78 773
643712965849000000 78 807
643712966849000000 78 775
643712967849000000 78 804 819
643712968849000000 77 797
643712969849000000 77 800
643712970850000000 77 807
643712971849000000 76 825 783
643712972850000000 76 794
643712973849000000 76 836
643712974849000000 76 859
643712975849000000 75 838
643712976899000000 75 867
643712977849000000 74 894 852
643712978849000000 73 868
643712979850000000 73 891
643712980849000000 72 832
643712981849000000 72 810
643712982850000000 73 792 811
643712983852000000 73 834
643712984849000000 73 850
643712985850000000 73 880
643712986850000000 72 879
643712987849000000 72 878 810
643712988850000000 72 813
643712989849000000 72 820
643712990849000000 72 800
643712991850000000 73 772 802
643712992900000000 73 814
643712993850000000 73 770
643712994849000000 73 807
643712995850000000 74 834 800
643712996849000000 74 784
643712997850000000 74 777
643712998849000000 75 757 747
643712999849000000 75 754
643713000849000000 76 766
643713001850000000 76 739
643713002850000000 77 759 786
643713003850000000 77 762
643713004850000000 77 817
643713005850000000 77 833
643713006850000000 76 813 813
643713007849000000 76 765
643713008849000000 76 773
643713009900000000 76 762 765
643713010849000000 76 796
643713011849000000 77 854
643713012849000000 76 799
643713013850000000 76 812 771
643713014849000000 76 778
643713015849000000 76 817
643713016899000000 76 861
643713017900000000 75 804
643713018849000000 75 809 816
643713019849000000 75 794
643713020849000000 75 814
643713021850000000 75 863
643713022850000000 74 842
643713023850000000 74 878
643713024849000000 73 861 838
643713025850000000 73 858
643713026850000000 73 883
643713027850000000 72 809
643713028850000000 72 815 819
643713029850000000 72 823
643713030850000000 73 773
643713031849000000 73 813
643713032850000000 73 820 777
643713033850000000 73 771
643713034850000000 74 781
643713035850000000 74 764 753
643713036849000000 75 761
643713037850000000 75 768
643713038850000000 76 753
643713039850000000 76 773 777
643713040850000000 76 742
643713041850000000 77 762 758
643713042899000000 77 737
643713043849000000 77 731
643713044850000000 78 732 724
643713045849000000 79 720
643713046849000000 79 729
643713047849000000 80 744 729
643713048849000000 80 760
643713049849000000 80 774
643713050849000000 80 750
643713051849000000 79 794 819
643713052850000000 79 793
643713053849000000 79 782
643713054850000000 78 778 771
643713055850000000 78 725
643713056850000000 79 723 716
643713057849000000 79 706
643713058850000000 80 722
643713059849000000 80 768
643713060849000000 80 816 764
643713061850000000 79 823
643713062849000000 79 832
643713063849000000 78 780
643713064850000000 78 773 763
643713065849000000 78 715
643713066850000000 79 719 721
643713067850000000 79 718
643713068849000000 80 719
643713069850000000 80 734 750
643713070850000000 80 728
643713071849000000 81 725 696
643713072849000000 81 683
643713073849000000 82 707
643713074850000000 82 750 759
643713075899000000 82 718
643713076849000000 82 730
643713077850000000 82 716 736
643713078849000000 82 747
643713079850000000 82 729 732
643713080850000000 82 723
643713081850000000 82 694 698
643713082849000000 83 682
643713083849000000 84 662 646
643713084850000000 85 671
643713085849000000 86 679
643713086849000000 86 722
643713087850000000 86 818
643713088850000000 84 825 860
643713089849000000 82 814
643713090849000000 80 756 729
643713091849000000 80 719
643713092850000000 81 729
643713093850000000 81 759
643713094850000000 81 759
643713095850000000 81 805
643713096850000000 79 915 930
643713097850000000 78 889
643713098850000000 77 887
643713099849000000 76 876
643713100850000000 75 811 771
643713101850000000 75 768
643713102849000000 75 790
643713103850000000 75 755
643713104849000000 76 802 819
643713105850000000 76 806
643713106850000000 75 799
643713107850000000 75 806 807
643713108900000000 75 750
643713109850000000 75 771
643713110850000000 76 771
643713111850000000 76 790
643713112850000000 76 808 843
643713113850000000 76 835
643713114850000000 75 808
643713115850000000 75 821
643713116850000000 75 847
643713117899000000 74 812 826
643713118850000000 74 878
643713119850000000 74 831
643713120850000000 74 838
643713121849000000 73 848
643713122850000000 73 821 836
643713123850000000 73 860
643713124850000000 73 828
643713125900000000 73 813
643713126850000000 73 846
643713127850000000 72 866 822
643713128850000000 72 818
643713129850000000 72 860
643713130850000000 72 803
643713131850000000 72 803 827
643713132851000000 73 823
643713133850000000 73 787
643713134850000000 73 818
643713135850000000 73 840 808
643713136850000000 73 764
643713137850000000 73 779
643713138850000000 74 803
643713139851000000 74 769 790
643713140850000000 74 792
643713141900000000 75 775
643713142850000000 75 727 739
643713143850000000 76 710
643713144850000000 77 711
643713145850000000 78 707 752
643713146850000000 79 808
643713147850000000 78 810
643713148850000000 78 774
643713149850000000 78 790 799
643713150850000000 77 775
643713151850000000 77 771
643713152850000000 77 775 796
643713153850000000 77 773
643713154850000000 77 797
643713155850000000 77 811
643713156850000000 77 825 805
643713157850000000 76 785
643713158900000000 76 822
643713159850000000 76 785
643713160850000000 76 805 818
643713161850000000 76 777
643713162850000000 76 791
643713163850000000 76 793
643713164850000000 76 760 756
643713165850000000 76 790
643713166850000000 76 745
643713167850000000 77 771
643713168850000000 77 837 818
643713169900000000 76 829
643713170850000000 76 843
643713171850000000 75 790
643713172850000000 75 812 806
643713173850000000 75 786
643713174951000000 75 792
643713175850000000 75 822
643713176851000000 75 811 803
643713177850000000 75 788
643713178850000000 75 757 722
643713179850000000 76 684
643713180850000000 77 662
643713181850000000 78 664
643713182850000000 79 718
643713183851000000 80 946
643713184850000000 78 968 902
643713185850000000 76 918
643713186850000000 75 878
643713187850000000 74 827
643713188850000000 74 820 809
643713189850000000 74 777
643713190850000000 74 799
643713191900000000 74 771
643713192850000000 75 784 782
643713193850000000 75 794
643713194850000000 75 785
643713195850000000 75 801
643713196850000000 75 802 770
643713197850000000 75 802
643713198850000000 75 812
643713199850000000 75 782
643713200850000000 76 759 781
643713201850000000 76 828
643713202850000000 76 828
643713203850000000 75 813
643713204851000000 75 789 765
643713205850000000 75 797
643713206850000000 75 847
643713207900000000 75 853
643713208851000000 75 809 813
643713209850000000 74 838
643713210850000000 74 829
643713211850000000 74 770
643713212850000000 74 787
643713213850000000 75 822 840
643713214850000000 74 810
643713215850000000 74 846
643713216850000000 74 800
643713217900000000 74 755 782
643713218850000000 75 813
643713219850000000 75 791
643713220850000000 75 845
643713221851000000 74 854 794
643713222850000000 74 818
643713223850000000 74 824
643713224900000000 74 781
643713225850000000 74 808
643713226850000000 74 854 822
643713227850000000 74 814
643713228850000000 74 818
643713229850000000 74 806 759
643713230850000000 74 773
643713231850000000 74 791
643713232850000000 75 756
643713233850000000 75 799 824
643713234850000000 75 838
643713235850000000 75 801
643713236850000000 75 823
643713237854000000 75 838
643713238850000000 74 774 781
643713239850000000 75 805
643713240900000000 75 800
643713241850000000 75 794
643713242850000000 75 813 843
643713243850000000 75 790
643713244850000000 74 813
643713245850000000 74 822
643713246858000000 74 769 785
643713247850000000 75 803
643713248850000000 75 789
643713249850000000 75 758 773
643713250850000000 75 784
643713251850000000 76 754
643713252850000000 76 746
643713253850000000 77 758 803
643713254850000000 77 823
643713255851000000 76 798
643713256850000000 76 816
643713257900000000 76 830 797
643713258850000000 75 813
643713259850000000 75 814
643713260850000000 75 809
643713261850000000 75 755 773
643713262851000000 76 803
643713263850000000 76 837
643713264850000000 75 781
643713265850000000 75 821 828
643713266900000000 75 771
643713267850000000 75 768 735
643713268850000000 76 726
643713269850000000 76 696
643713270850000000 78 696 694
643713271850000000 79 682
643713272850000000 81 675 642
643713273900000000 82 657
643713274850000000 84 660 671
643713275850000000 85 715
643713276850000000 85 803
643713277850000000 84 785
643713278850000000 82 788 785
643713279851000000 82 757
643713280851000000 81 741 742
643713281850000000 81 732
643713282850000000 81 718
643713283850000000 81 729
643713284851000000 81 772 793
643713285850000000 81 770
643713286850000000 80 851
643713287850000000 80 949
643713288850000000 78 805
643713289850000000 77 863 854
643713290901000000 76 775
643713291850000000 76 781
643713292850000000 76 776 727
643713293851000000 77 727
643713294850000000 77 732
643713295850000000 78 726 716
643713296850000000 79 725
643713297850000000 79 744
643713298850000000 80 736 769
643713299850000000 80 785
643713300850000000 79 790
643713301850000000 79 821
643713302851000000 78 853 835
643713303850000000 77 782
643713304851000000 77 803
643713305850000000 77 810
643713306901000000 77 780
643713307850000000 76 806 836
643713308850000000 76 834
643713309850000000 76 835
643713310850000000 75 917
643713311850000000 75 898
643713312850000000 74 783 783
643713313850000000 74 789
643713314850000000 74 754
643713315850000000 75 772 793
643713316850000000 75 818
643713317900000000 75 768
643713318850000000 75 785
643713319850000000 75 824 863
643713320850000000 75 799
643713321850000000 75 757
643713322851000000 75 740
643713323900000000 76 763 835
643713324850000000 76 883
643713325850000000 75 804
643713326850000000 75 778
643713327851000000 75 774 792
643713328851000000 75 826
643713329850000000 75 791
643713330851000000 75 776
643713331850000000 75 784 828
643713332850000000 75 825
643713333850000000 75 828
643713334850000000 75 792
643713335851000000 75 759 757
643713336851000000 75 776
643713337850000000 76 807
643713338851000000 76 867
643713339901000000 75 801 783
643713340850000000 75 792
643713341850000000 75 797
643713342850000000 75 767 732
643713343850000000 76 734
643713344850000000 76 732
643713345850000000 77 757 769
643713346850000000 77 787
643713347850000000 77 793
643713348851000000 77 838
643713349850000000 77 830
643713350850000000 76 828 829
643713351850000000 76 850
643713352851000000 75 827
643713353850000000 75 854
643713354850000000 75 867
643713355850000000 74 860 805
643713356901000000 73 815
643713357850000000 74 813
643713358850000000 74 755 753
643713359851000000 74 747
643713360851000000 75 740
643713361851000000 76 725 753
643713362851000000 77 765
643713363850000000 77 763
643713364851000000 77 771
643713365850000000 77 819
643713366851000000 77 836 800
643713367851000000 76 820
643713368900000000 76 838
643713369850000000 76 804
643713370851000000 75 790 801
643713371850000000 75 791
643713372951000000 75 808
643713373850000000 75 794
643713374850000000 75 843
643713375850000000 75 907
643713376851000000 74 912 885
643713377850000000 73 884
643713378850000000 72 843
643713379850000000 72 835
643713380850000000 72 862
643713381850000000 72 896
643713382850000000 71 814 876
643713383850000000 71 893
643713384850000000 71 841
643713385850000000 71 868
643713386850000000 71 890
643713387850000000 71 822 820
643713388850000000 71 820
643713389900000000 71 809
643713390850000000 71 773
643713391850000000 72 794 815
643713392851000000 72 830
643713393850000000 73 812
643713394850000000 73 855
643713395851000000 73 882
643713396850000000 72 810
643713397851000000 72 832 829
643713398850000000 72 785
643713399850000000 72 798
643713400851000000 73 803 810
643713401850000000 73 773
643713402850000000 73 817
643713403850000000 74 859
643713404850000000 73 801
643713405851000000 73 828 813
643713406852000000 73 786
643713407850000000 73 771
643713408850000000 74 784 793
643713409851000000 74 759
643713410851000000 75 775
643713411850000000 75 822
643713412851000000 75 875
643713413851000000 74 838 807
643713414850000000 74 829
643713415850000000 74 849
643713416851000000 74 806
643713417851000000 74 803
643713418850000000 74 827 854
643713419850000000 73 800
643713420851000000 73 826
643713421851000000 73 832
643713422900000000 73 796 788
643713423851000000 74 806
643713424850000000 74 821
643713425850000000 74 792
643713426850000000 74 820
643713427850000000 74 856 809
643713428851000000 74 800
643713429850000000 74 813
643713430850000000 74 788
643713431851000000 74 767 793
643713432850000000 74 806
643713433850000000 75 769
643713434851000000 75 788 814
643713435850000000 75 813
643713436851000000 75 782
643713437851000000 75 852
643713438851000000 75 860
643713439850000000 74 837
643713440850000000 74 854 858
643713441851000000 73 775
643713442850000000 73 779
643713443851000000 74 772
643713444851000000 74 815 798
643713445851000000 74 900
643713446850000000 74 917
643713447851000000 73 859
643713448851000000 73 860
643713449851000000 72 875
643713450851000000 72 872 816
643713451851000000 72 838
643713452851000000 72 829
643713453851000000 72 772 748
643713454851000000 73 708
643713455900000000 75 683 678
643713456851000000 76 652
643713457851000000 79 643 633
643713458851000000 82 627 613
643713459851000000 84 612
643713460850000000 87 609 596
643713461851000000 91 585 583
643713462850000000 94 580 571
643713463851000000 96 563
643713464851000000 99 560 556
643713465851000000 103 548 545
643713466850000000 105 540 534
643713467852000000 107 534
643713468851000000 108 539
643713469851000000 109 561
643713470851000000 109 699
643713471851000000 110 1114
643713472851000000 110 953
643713473901000000 110 952
643713474851000000 109 1014
643713475851000000 107 1089 1029
643713476851000000 97 879
643713477851000000 84 815
643713478851000000 81 757 730
643713479851000000 81 704
643713480851000000 82 703
643713481850000000 82 704 736
643713482851000000 82 814
643713483850000000 82 934
643713484851000000 79 842 735
643713485850000000 79 717
643713486851000000 79 721
643713487851000000 80 781
643713488901000000 80 1118
643713489851000000 77 1014
643713490850000000 72 988
643713491851000000 71 931
643713492851000000 70 839
643713493851000000 70 823 814
643713494851000000 71 787
643713495850000000 71 766
643713496851000000 72 757
643713497851000000 72 838
643713498851000000 72 938 956
643713499851000000 71 824
643713500851000000 71 773
643713501851000000 72 756 759
643713502851000000 73 736
643713503850000000 74 729
643713504851000000 75 752 766
643713505850000000 75 769
643713506851000000 76 751
643713507851000000 77 736 740
643713508850000000 77 771
643713509851000000 77 806
643713510851000000 77 901
643713511851000000 76 991
643713512851000000 75 866
643713513851000000 74 862
643713514851000000 74 886
643713515851000000 73 911 832
643713516851000000 72 846
643713517851000000 72 906
643713518851000000 72 901
643713519851000000 71 823
643713520851000000 71 797
643713521901000000 71 829
643713522851000000 71 905 975
643713523851000000 71 860
643713524900000000 70 867
643713525851000000 70 873
643713526851000000 70 819
643713527851000000 70 854
643713528851000000 70 892
643713529851000000 70 880 897
643713530851000000 70 913
643713531851000000 69 906
643713532851000000 69 837
643713533851000000 69 817
643713534850000000 70 834 826
643713535851000000 70 789
643713536851000000 70 813
643713537851000000 71 832
643713538901000000 71 804
643713539851000000 72 822 868
643713540850000000 71 922
643713541851000000 71 861
643713542851000000 71 901
643713543851000000 70 929
643713544852000000 70 885
643713545852000000 70 917
643713546851000000 69 991
643713547851000000 69 949
643713548851000000 68 995
643713549851000000 67 1012
643713550851000000 67 903
643713551851000000 66 911
643713552851000000 66 929
643713553851000000 66 871 909
643713554901000000 66 938
643713555851000000 66 914
643713556852000000 66 930
643713557851000000 66 968
643713558851000000 66 877
643713559851000000 66 885
643713560851000000 66 936
643713561851000000 66 921 816
643713562851000000 66 846
643713563851000000 67 890
643713564851000000 67 858
643713565851000000 67 788
643713566851000000 68 813
643713567851000000 69 852 905
643713568852000000 69 858
643713569851000000 69 856
643713570851000000 69 850
643713571901000000 69 807 778
643713572851000000 70 779
643713573851000000 71 792
643713574851000000 71 768
643713575852000000 72 832
643713576851000000 72 891
643713577852000000 72 951
643713578851000000 71 893 900
643713579901000000 70 871
643713580851000000 70 808
643713581851000000 70 857
643713582851000000 70 891
643713583851000000 70 843
643713584851000000 70 888
643713585851000000 70 931 876
643713586851000000 69 865
643713587901000000 69 920
643713588852000000 69 897
643713589851000000 69 831
643713590851000000 69 845 852
643713591851000000 69 786
643713592851000000 70 785
643713593851000000 70 813
643713594851000000 71 866
643713595852000000 71 840
643713596851000000 71 916
643713597851000000 70 939 870
643713598851000000 70 891
643713599851000000 70 888
643713600851000000 69 832
643713601851000000 69 804
643713602851000000 70 854
643713603852000000 70 921
643713604901000000 70 863 906
643713605851000000 69 950
643713606851000000 69 882
643713607851000000 69 872
643713608851000000 69 883
643713609851000000 69 923
643713610851000000 68 810 791
643713611851000000 69 830
643713612851000000 70 887
643713613851000000 70 851
643713614851000000 70 858
643713615851000000 70 958
643713616852000000 69 982
643713617851000000 68 862 840
643713618851000000 68 849
643713619851000000 69 814
643713620901000000 69 783
643713621851000000 70 828
643713622851000000 70 848
643713623851000000 70 822 869
643713624851000000 71 904
643713625851000000 70 896
643713626851000000 70 844
643713627851000000 70 898
643713628851000000 70 954
643713629852000000 69 854
643713630851000000 69 872 928
643713631851000000 69 893
643713632851000000 69 794
643713633851000000 69 804
643713634851000000 70 791 812
643713635851000000 71 762
643713636851000000 71 744
643713637851000000 73 743 748
643713638851000000 74 751
643713639851000000 74 744
643713640851000000 75 742 760
643713641852000000 76 789
643713642851000000 76 779
643713643872000000 76 742 730
643713644850000000 77 724
643713645849000000 78 711 700
643713646851000000 79 682
643713647851000000 80 691
643713648851000000 81 700 726
643713649850000000 81 760
643713650851000000 81 779
643713651850000000 81 829
643713652851000000 80 829
643713653900000000 79 833 854
643713654850000000 78 825
643713655851000000 77 755
643713656852000000 77 770 777
643713657850000000 77 760
643713658850000000 77 778
643713659850000000 77 805
643713660850000000 77 789 781
643713661850000000 77 819
643713662851000000 77 862
643713663853000000 76 780
643713664851000000 76 759 773
643713665851000000 76 801
643713666851000000 76 792
643713667851000000 76 806
643713668851000000 76 840
643713669851000000 75 865 863
643713670901000000 75 865
643713671852000000 74 853
643713672851000000 74 813
643713673851000000 74 803 803
643713674851000000 74 758
643713675853000000 74 747
643713676852000000 75 761 757
643713677851000000 76 726
643713678851000000 77 702 680
643713679851000000 78 658
643713680851000000 80 655 636
643713681851000000 83 636 617
643713682851000000 84 615
643713683851000000 88 611 603
643713684851000000 91 584 593
643713685851000000 94 583 575
643713686901000000 96 565
643713687851000000 99 557 563
643713688851000000 102 555 550
643713689901000000 105 536 541
643713690851000000 108 514 536
643713691851000000 109 563
643713692851000000 105 649 827
643713693851000000 97 813
643713694851000000 95 298
643713695851000000 95
643713696852000000 95
643713697852000000 95
643713698852000000 95
643713699850000000 95
643713700851000000 95 1767
643713701850000000 95
643713702850000000 95
643713703901000000 95
643713704850000000 95
643713705901000000 0
643713706851000000 0 1025
643713707851000000 0
643713708851000000 0
643713709850000000 0
643713710851000000 0 4347
643713711851000000 95 6511 4171 395
643713712850000000 95
643713713850000000 95
643713714851000000 95
643713715852000000 95 304
643713716851000000 95
643713717851000000 95
643713718850000000 95
