timestamp hr
643213921884000000 84 732
643213922861000000 84 698
643213923905000000 84 701 723
643213924861000000 84 724
643213925865000000 84 677 707
643213926859000000 85 701
643213927860000000 85 716 719
643213928860000000 85 659
643213929861000000 85 711
643213930860000000 85 711 724
643213931865000000 85 712
643213932859000000 85 729
643213933859000000 84 760 758
643213934860000000 83 742
643213935860000000 83 787
643213936860000000 82 771 758
643213937860000000 82 770
643213938860000000 81 712
643213939860000000 81 724 729
643213940907000000 82 741
643213941860000000 82 764
643213942859000000 81 714 729
643213943859000000 82 743
643213944859000000 82 729 688
643213945905000000 82 707
643213946877000000 83 696 686
643213947860000000 83 670
643213948858000000 84 676
643213949858000000 85 693 722
643213950859000000 85 709
643213951859000000 85 756
643213952859000000 84 754 760
643213953860000000 83 732
643213954859000000 83 713 716
643213955859000000 83 689
643213956905000000 83 706
643213957859000000 84 717 737
643213958860000000 84 718
643213959860000000 83 753 745
643213960860000000 83 728
643213961862000000 83 733
643213962859000000 83 729 706
643213963860000000 83 730
643213964858000000 83 731
643213965859000000 83 707 724
643213966859000000 83 729
643213967859000000 83 706 721
643213968859000000 83 731
643213969859000000 83 709
643213970858000000 83 737 737
643213971860000000 83 719
643213972861000000 83 725 727
643213973908000000 83 719
643213974859000000 83 728
643213975858000000 83 724 673
643213976859000000 83 703
643213977862000000 84 698 696
643213978859000000 84 673
643213979859000000 85 719
643213980859000000 85 735 713
643213981867000000 84 758
643213982868000000 84 740
643213983859000000 83 729 743
643213984864000000 83 730
643213985859000000 83 718 733
643213986858000000 83 739
643213987865000000 83 719
643213988859000000 83 741 737
643213989904000000 82 711
643213990859000000 83 718
643213991877000000 83 720 691
643213992859000000 83 734
643213993869000000 83 690 659
643213994860000000 85 641 650
643213995860000000 86 676
643213996871000000 87 677 666
643213997858000000 87 674
643213998860000000 88 645 648
643213999867000000 89 649
643214000862000000 90 650 646
643214001904000000 90 650
643214002868000000 91 646 624
643214003859000000 91 649
643214004860000000 92 653 688
643214005868000000 91 679
643214006956000000 91 728
643214007859000000 89 747 715
643214008858000000 88 791
643214009859000000 87 769
643214010860000000 85 719 750
643214011861000000 84 728
643214012859000000 84 690 716
643214013859000000 84 703
643214014880000000 84 718
643214015862000000 84 696 729
643214016859000000 84 722
643214017868000000 84 716 721
643214018859000000 84 714
643214019865000000 84 697 713
643214020860000000 84 662
643214021860000000 85 687
643214022905000000 86 666 680
643214023860000000 86 670 640
643214024859000000 87 627
643214025862000000 89 615 613
643214026860000000 91 628
643214027859000000 92 618 644
643214028860000000 93 671
643214029866000000 92 676 692
643214030859000000 91 687
643214031864000000 90 672 700
643214032859000000 90 711
643214033860000000 89 696
643214034860000000 88 710 720
643214035861000000 88 727
643214036860000000 86 705 749
643214037860000000 86 749
643214038859000000 85 711
643214039906000000 85 730 726
643214040858000000 84 686
643214041861000000 84 728
643214042859000000 84 729 741
643214043859000000 84 752
643214044860000000 83 738 687
643214045860000000 83 703
643214046859000000 84 686 693
643214047860000000 84 676
643214048859000000 86 614 651
643214049860000000 87 623
643214050859000000 89 629 627
643214051859000000 90 648
643214052860000000 91 684 678
643214053907000000 90 668
643214054859000000 90 658 664
643214055907000000 90 650 636
643214056858000000 91 657
643214057859000000 91 643
643214058859000000 91 666 721
643214059859000000 91 727
643214060861000000 89 766
643214061860000000 87 782 769
643214062867000000 85 795
643214063859000000 84 805
643214064859000000 83 738 742
643214065859000000 82 744
643214066860000000 82 706
643214067858000000 82 725 737
643214068859000000 82 731
643214069859000000 82 744
643214070860000000 82 765 757
643214071855000000 82 756
643214072906000000 81 758
643214073859000000 81 745 746
643214074859000000 81 761
643214075860000000 81 763
643214076859000000 80 757 754
643214077859000000 80 729
643214078854000000 80 725
643214079854000000 81 725 715
643214080857000000 81 685
643214081856000000 82 694 696
643214082906000000 83 673
643214083862000000 83 728
643214084853000000 83 746 716
643214085856000000 83 779
643214086907000000 83 797
643214087854000000 82 749 771
643214088907000000 81 738
643214089857000000 81 713 683
643214090854000000 82 667
643214091854000000 83 656 667
643214092864000000 84 685
643214093856000000 85 684 697
643214094856000000 85 719
643214095856000000 85 738
643214096854000000 85 697 731
643214097856000000 85 705
643214098856000000 85 646 681
643214099854000000 86 665
643214100855000000 87 655 676
643214101856000000 88 640 635
643214102854000000 89 621
643214103854000000 91 637 638
643214104855000000 91 641
643214105906000000 92 646 655
643214106854000000 92 668
643214107856000000 92 673
643214108855000000 91 693 717
643214109856000000 90 683
643214110857000000 89 723 710
643214111906000000 88 670
643214112854000000 88 701 670
643214113856000000 88 669
643214114854000000 88 655 656
643214115904000000 89 673
643214116855000000 89 672 658
643214117854000000 89 662
643214118854000000 89 661
643214119856000000 89 699 751
643214120855000000 88 790
643214121903000000 87 778
643214122857000000 85 747 732
643214123855000000 84 729
643214124854000000 84 701 694
643214125857000000 84 661
643214126854000000 85 682 661
643214127854000000 86 672
643214128856000000 87 686 686
643214129857000000 87 714
643214130855000000 86 747 710
643214131857000000 86 669
643214132855000000 86 646
643214133854000000 87 660 682
643214134856000000 87 726
643214135854000000 87 716
643214136854000000 86 770 782
643214137854000000 85 761
643214138908000000 83 780 749
643214139854000000 83 700
643214140855000000 83 694 683
643214141854000000 84 663
643214142855000000 85 679 674
643214143856000000 85 657
643214144854000000 87 669 668
643214145854000000 87 638
643214146854000000 88 671 659
643214147860000000 88 649
643214148855000000 89 672 653
643214149854000000 89 646
643214150854000000 90 658 662
643214151854000000 90 638
643214152857000000 91 654 641
643214153855000000 91 658
643214154854000000 92 644 640
643214155854000000 92 630 642
643214156854000000 93 632
643214157854000000 93 617 626
643214158855000000 94 619
643214159854000000 95 619 638
643214160904000000 95 649
643214161856000000 94 673 671
643214162854000000 93 714
643214163867000000 91 708 673
643214164855000000 90 710
643214165904000000 89 690 659
643214166867000000 89 680
643214167855000000 89 656 640
643214168854000000 90 604
643214169855000000 92 602 604
643214170906000000 93 634
643214171906000000 94 659 709
643214172868000000 93 742
643214173855000000 90 711 662
643214174855000000 89 620
643214175864000000 91 646 643
643214176854000000 91 628
