timestamp hr
642691969617000000 63 931
642691970615000000 63 938
642691971620000000 64 869 881
642691972614000000 64 880
642691973628000000 65 819
642691974665000000 65 847
642691975671000000 66 903
642691976614000000 66 873
642691977615000000 66 946
642691978623000000 66 920 836
642691979615000000 66 773
642691980615000000 67 749
642691981666000000 69 751 750
642691982634000000 71 735
642691983615000000 72 749
642691984628000000 73 753 774
642691985616000000 74 776
642691986615000000 74 848
642691987628000000 74 966
642691988615000000 73 983
642691989615000000 72 988
642691990628000000 71 1010
642691991717000000 70 926
642691992624000000 69 881
642691993623000000 69 870 785
642691994614000000 69 730
642691995614000000 70 713
642691996665000000 72 712
642691997666000000 73 729
642691998623000000 74 793 1022
642691999622000000 74 937
642692000622000000 72 929
642692001623000000 72 904
642692002623000000 71 874
642692003623000000 71 852
642692004623000000 71 837 828
642692005634000000 71 851
642692006623000000 71 916
642692007665000000 71 834
642692008616000000 71 762 711
642692009615000000 72 701
642692010615000000 73 722
642692011628000000 74 892
642692012615000000 74 897
642692013615000000 74 881
642692014665000000 73 891 895
642692015614000000 72 861
642692016614000000 72 895
642692017619000000 71 890
642692018615000000 71 871
642692019614000000 71 926
642692020618000000 70 1015
642692021615000000 69 933
642692022615000000 69 974
642692023621000000 68 972
642692024666000000 67 881
642692025615000000 67 953
642692026629000000 67 940 893
642692027615000000 67 831
642692028615000000 67 832
642692029617000000 68 801 746
642692030614000000 69 755
642692031617000000 70 744
642692032664000000 72 735 766
642692033615000000 73 801
642692034614000000 73 744
642692035628000000 74 758 758
642692036615000000 75 718
642692037629000000 76 706 698
642692038627000000 77 680
642692039615000000 79 670 659
642692040665000000 80 646
642692041665000000 83 634 629
642692042615000000 84 625
642692043614000000 87 630 638
642692044626000000 88 658
642692045615000000 89 688 713
642692046615000000 88 730
642692047676000000 88 736
642692048615000000 86 760 732
642692049629000000 85 729
642692050676000000 85 693 669
642692051614000000 85 668
642692052614000000 86 653 645
642692053627000000 87 634
642692054614000000 89 650 640
642692055734000000 90 637 636
642692056626000000 91 620
642692057668000000 92 621 611
642692058615000000 94 605 600
642692059665000000 95 589
642692060677000000 97 586 589
642692061728000000 99 589 589
642692062627000000 100 585 592
642692063614000000 100 590
642692064627000000 101 582 580
642692065626000000 102 586 587
642692066766000000 102 597
642692067665000000 102 589 596
642692068615000000 101 603 604
642692069767000000 101 599
642692070614000000 100 604 608
642692071615000000 100 606 598
642692072614000000 100 596
642692073979000000 100 600 593
642692074726000000 100 589 579
642692075615000000 101 572
642692076714000000 102 571 568
642692077614000000 104 563 565
642692078626000000 105 534 567
642692079615000000 106 567 562
642692080615000000 106 554 552
642692081615000000 107 546
642692082615000000 108 540 537
642692083627000000 109 545 537
642692084615000000 110 535 537
642692085615000000 111 535 539
642692086667000000 111 537 538
642692087614000000 111 538 526
642692088614000000 111 540
642692089615000000 112 524 517
642692090665000000 113 531 511
642692091615000000 114 521 524
642692092628000000 115 504 510
642692093615000000 116 517 503
642692094615000000 117 504 505
642692095614000000 117 507 498
642692096615000000 118 495 506
642692097615000000 119 495 494
642692098615000000 120 499 498
642692099717000000 120 487 491
642692100665000000 121 492 490
642692101615000000 122 485 490 494
642692102614000000 122 474 498
642692103615000000 123 477 491
642692104615000000 123 485 481
642692105615000000 124 479 487
642692106626000000 124 487 479
642692107615000000 124 479 477
642692108614000000 124 485 489
642692109626000000 124 478 479
642692110626000000 125 478 473
642692111615000000 125 486 485
642692112665000000 125 475 479
642692113614000000 125 474 482
642692114615000000 125 491 480 479
642692115665000000 125 474 476
642692116614000000 125 484 484
642692117614000000 125 474 468
642692118626000000 126 473 477
642692119615000000 126 479 467
642692120615000000 127 460 465
642692121626000000 128 458 468
642692122614000000 128 469 466 461
642692123666000000 129 459 453
642692124675000000 130 449 458
642692125615000000 131 458 457
642692126615000000 131 454 452
642692127626000000 132 446 439 450
642692128615000000 133 448 447
642692129615000000 133 449 450
642692130626000000 134 438 443 438
642692131615000000 135 438 438
642692132615000000 136 437 444
642692133665000000 136 440 438
642692134614000000 136 443 439 434
642692135665000000 137 424 443
642692136633000000 137 427 433
642692137614000000 138 432 426 438
642692138626000000 138 432 429
642692139682000000 139 436 432
642692140615000000 139 428 427 426
642692141615000000 140 420 419
642692142636000000 141 423 419
642692143615000000 142 421 421 422
642692144615000000 142 418 423
642692145677000000 143 420 416 423
642692146614000000 143 419 415
642692147627000000 143 419 418
642692148676000000 144 413 415 411
642692149615000000 144 414 410
642692150615000000 145 417 411 412
642692151627000000 145 409 414
642692152615000000 146 408 413 410
642692153615000000 146 409 411
642692154626000000 146 411 411
642692155615000000 146 410 410 410
642692156675000000 146 411 410
642692157626000000 146 410 409 411
642692158615000000 146 410 408
642692159614000000 146 409 410 410
642692160626000000 146 409 409
642692161627000000 147 410 404
642692162615000000 147 410 410 408
642692163626000000 147 410 408
642692164615000000 147 404 409 408
642692165615000000 147 408 405
642692166626000000 147 409 408 405
642692167615000000 147 410 408
642692168615000000 147 406 408 407
642692169627000000 147 406 407
642692170626000000 147 408 407 404
642692171615000000 147 408 406
642692172615000000 148 404 407
642692173615000000 148 406 404 405
642692174615000000 148 405 402
642692175617000000 148 403 401 404
642692176615000000 149 400 405
642692177615000000 149 400 401 403
642692178615000000 149 401 397
642692179627000000 150 399 397 401
642692180615000000 150 397 402
642692181615000000 150 397 398 398
642692182615000000 150 401 395
642692183615000000 150 402 396 398
642692184626000000 150 398 403 393
642692185615000000 151 401 396
642692186615000000 151 403 389
642692187615000000 150 406 402 399
642692188615000000 150 398 401
642692189665000000 150 400 397 402
642692190615000000 150 400 400 398
642692191615000000 150 405 399
642692192615000000 150 400 403
642692193665000000 150 401 397 404
642692194615000000 150 399 402
642692195615000000 150 400 399 402
642692196615000000 150 400 401
642692197618000000 150 399 398 399
642692198615000000 150 401 397
642692199615000000 150 399 399 398
642692200617000000 150 396 400
642692201615000000 151 396 396 397
642692202625000000 151 399 397 395
642692203617000000 151 399 397
642692204615000000 151 396 401 399
642692205626000000 151 396 400
642692206617000000 151 398 397 398
642692207667000000 151 399 398
642692208615000000 151 396 399 398
642692209617000000 151 397 398
642692210615000000 151 397 398 396
642692211615000000 151 398 396
642692212676000000 151 395 397 396
642692213615000000 151 393 398
642692214616000000 152 394 396 396
642692215626000000 152 395 397
642692216615000000 152 395 396 396
642692217615000000 152 398 399
642692218627000000 151 398 399 398
642692219615000000 151 401 402
642692220615000000 150 405 404 406
642692221627000000 149 410 410
642692222667000000 148 411 415
642692223626000000 146 416 417 414
642692224626000000 146 418 422
642692225626000000 145 415 416 417
642692226615000000 144 418 413
642692227627000000 144 416 415 412
642692228615000000 145 414 414
642692229627000000 145 415 409
642692230627000000 145 413 412 410
642692231615000000 145 412 412
642692232624000000 146 408 408 408
642692233626000000 146 407 408
642692234615000000 147 409 410 404
642692235615000000 147 410 408
642692236627000000 147 404 408 407
642692237615000000 147 404 406
642692238615000000 148 401 402
642692239715000000 149 400 401 401
642692240615000000 149 398 400 400
642692241615000000 150 399 400
642692242627000000 150 399 397 399
642692243615000000 150 397 397
642692244615000000 151 396 396 398
642692245625000000 151 396 395
642692246615000000 151 397 397 396
642692247615000000 151 396 396
642692248627000000 152 393 396 394
642692249615000000 152 394 394
642692250615000000 152 395 394 391
642692251618000000 152 395 394
642692252615000000 152 393 394 394
642692253615000000 152 395 392
642692254626000000 152 394 393 390
642692255668000000 153 394 393 391
642692256666000000 153 393 395
642692257665000000 153 391 393 394
642692258615000000 153 391 391
642692259665000000 153 393 394 392
642692260678000000 153 393 395
642692261667000000 153 394 394 395
642692262626000000 152 396 393
642692263626000000 152 396 396 396
642692264616000000 152 395 396
642692265615000000 152 397 395 396
642692266627000000 152 398 396
642692267616000000 152 397 397 397
642692268615000000 151 396 398
642692269626000000 151 398 396 399
642692270615000000 151 397 397
642692271626000000 151 397 399 398
642692272676000000 151 398 399
642692273616000000 150 402 398 401
642692274615000000 150 399 402
642692275665000000 150 401 403 402
642692276615000000 149 404 404
642692277616000000 149 401 400 403
642692278615000000 149 403 403
642692279615000000 149 401 402 408
642692280627000000 149 404 403
642692281615000000 148 410 403 409
642692282616000000 148 411 406
642692283616000000 147 409 411 411
642692284615000000 147 410 411
642692285615000000 146 413 412
642692286615000000 146 416 418 415
642692287615000000 145 415 423
642692288667000000 144 416 419 420
642692289616000000 144 416 418
642692290615000000 144 422 418
642692291617000000 144 416 422 418
642692292615000000 144 414 417
642692293615000000 144 416 413 413
642692294617000000 144 415 411
642692295616000000 144 419 417
642692296615000000 145 411 416 419
642692297626000000 144 414 416
642692298615000000 144 419 420 416
642692299615000000 144 423 419
642692300628000000 144 414 419
642692301615000000 144 420 415 419
642692302615000000 144 420 417
642692303665000000 143 420 421
642692304615000000 143 420 417 419
642692305665000000 143 420 416
642692306627000000 143 418 420 418
642692307616000000 143 424 422
642692308626000000 143 417 424
642692309627000000 143 423 419 423
642692310615000000 142 423 419
642692311665000000 143 420 420 417
642692312629000000 143 415 418
642692313615000000 143 415 411
642692314616000000 144 416 415 410
642692315627000000 145 413 413
642692316615000000 145 407 413 412
642692317615000000 145 409 410
642692318627000000 146 413 409 407
642692319616000000 146 410 408
642692320615000000 147 406 408 407
642692321715000000 147 403 408
642692322615000000 147 406 402
642692323615000000 148 403 405 401
642692324627000000 148 399 404
642692325615000000 149 402 399 404
642692326627000000 149 404 400
642692327626000000 149 401 404 402
642692328615000000 149 402 402
642692329615000000 149 403 399 405
642692330627000000 149 402 402
642692331616000000 149 403 404 405
642692332615000000 149 404 405
642692333626000000 148 405 406 406
642692334615000000 148 410 405
642692335665000000 147 407 410 410
642692336627000000 147 409 414
642692337615000000 146 413 410 414
642692338666000000 146 416 413
642692339627000000 145 417 416
642692340626000000 145 414 416 420
642692341627000000 144 415 419
642692342626000000 144 418 419
642692343615000000 144 416 420 422
642692344666000000 144 416 420
642692345627000000 143 420 419 419
642692346615000000 143 419 412
642692347615000000 144 419 418
642692348627000000 144 412 414 416
642692349627000000 144 412 416
642692350615000000 144 418 415 415
642692351627000000 144 416 415
642692352615000000 145 413 416 415
642692353615000000 145 410 414
642692354677000000 145 414 409
642692355615000000 145 413 409 407
642692356616000000 146 410 409
642692357627000000 146 407 412 410
642692358667000000 146 407 411
642692359615000000 146 410 406 412
642692360627000000 146 410 407
642692361615000000 146 411 410
642692362615000000 147 406 411 409
642692363627000000 147 404 411
642692364615000000 147 408 403 408
642692365616000000 147 409 402
642692366636000000 147 411 407 405
642692367627000000 147 407 408
642692368666000000 147 405 405 408
642692369627000000 147 408 402
642692370615000000 147 410 407 403
642692371665000000 148 408 408
642692372627000000 148 401 410
642692373616000000 148 406 403 405
642692374615000000 148 408 401
642692375626000000 148 407 404 402
642692376616000000 148 402 406
642692377615000000 149 401 398 405
642692378616000000 149 401 397
642692379616000000 149 401 401 397
642692380615000000 150 400 399
642692381665000000 150 396 397 399
642692382615000000 151 395 396
642692383616000000 151 397 396 395
642692384615000000 151 395 398 393
642692385615000000 152 396 395
642692386616000000 152 396 393 398
642692387666000000 152 396 393
642692388617000000 152 396 396 395
642692389615000000 152 396 395
642692390615000000 152 396 391 396
642692391618000000 152 393 392
642692392615000000 152 392 395 392
642692393616000000 153 391 394
642692394618000000 153 393 391 394
642692395615000000 153 394 391
642692396616000000 153 395 394 394
642692397634000000 153 388 396 395
642692398615000000 153 390 392
642692399615000000 153 391 392 388
642692400627000000 153 392 391
642692401616000000 154 390 390 393
642692402615000000 154 389 386
642692403627000000 154 394 392 386
642692404678000000 154 389 390 384
642692405615000000 155 385 391
642692406627000000 155 388 383 389
642692407616000000 155 386 386
642692408615000000 155 385 387 387
642692409627000000 156 381 386 384
642692410616000000 156 385 382
642692411616000000 156 384 380 381
642692412626000000 157 384 382
642692413627000000 157 380 382 381
642692414615000000 157 380 379 382
642692415627000000 158 379 379
642692416616000000 158 379 380 376
642692417615000000 158 380 382 379
642692418626000000 158 378 379
642692419616000000 158 380 376 376
642692420666000000 159 380 376 378
642692421627000000 159 379 379
642692422626000000 159 376 375 378
642692423615000000 159 376 377
642692424677000000 159 378 377 378
642692425615000000 159 375 380 376
642692426616000000 159 374 380
642692427666000000 159 378 375 375
642692428616000000 159 378 374 377
642692429616000000 160 374 378
642692430628000000 160 377 373 378
642692431615000000 160 376 373 373
642692432616000000 160 377 373
642692433631000000 160 373 377 377
642692434615000000 160 372 372 375
642692435615000000 160 372 372
642692436637000000 161 373 376 371
642692437668000000 161 374 372 374
642692438616000000 161 373 374
642692439627000000 161 374 373 370
642692440615000000 161 375 372 371
642692441616000000 161 376 374 374
642692442628000000 161 375 373
642692443616000000 161 374 370 371
642692444615000000 161 371 371 371
642692445666000000 161 372 372
642692446616000000 162 370 369 371
642692447616000000 162 371 369 371
642692448616000000 162 370 371
642692449616000000 162 371 372 370
642692450617000000 162 373 368 372
642692451616000000 162 372 368 370
642692452616000000 162 369 367
642692453665000000 162 368 369 367
642692454616000000 163 371 366 370
642692455616000000 163 368 366
642692456616000000 163 371 370 368
642692457627000000 163 370 369 372
642692458618000000 162 369 370 370
642692459626000000 162 369 366
642692460616000000 163 362 374 371
642692461618000000 163 369 367 372
642692462615000000 163 363 372
642692463615000000 163 369 369 368
642692464627000000 163 369 368 370
642692465616000000 163 368 370 369
642692466615000000 163 370 368
642692467628000000 162 371 368 371
642692468615000000 162 369 370 370
642692469616000000 162 373 370
642692470677000000 162 371 373 373
642692471616000000 162 372 371 371
642692472666000000 162 372 370
642692473627000000 162 368 374 371
642692474616000000 162 369 369 373
642692475616000000 162 368 371
642692476627000000 162 371 371 372
642692477615000000 162 370 373 372
642692478616000000 162 370 371
642692479627000000 162 372 371 367
642692480615000000 162 372 371 368
642692481616000000 162 371 370 369
642692482627000000 162 369 372
642692483616000000 162 370 368 369
642692484615000000 162 370 367 371
642692485627000000 162 369 371
642692486615000000 162 370 367 373
642692487615000000 162 369 369 368
642692488627000000 162 371 368 370
642692489616000000 162 372 370
642692490627000000 162 372 368 373
642692491666000000 162 369 372 370
642692492616000000 162 372 371
642692493616000000 162 371 374 374
642692494628000000 161 373 374 373
642692495616000000 161 375 373
642692496615000000 161 374 375 373
642692497627000000 161 375 373 374
642692498616000000 161 373 370
642692499616000000 161 376 371 371
642692500627000000 161 372 371 369
642692501615000000 161 374 374
642692502616000000 161 373 368 374
642692503678000000 161 374 368 370
642692504616000000 162 371 371 368
642692505666000000 162 368 373
642692506627000000 162 368 367 370
642692507616000000 163 369 365 367
642692508615000000 163 368 365
642692509666000000 164 364 366 369
642692510616000000 164 363 363 366
642692511615000000 164 365 363 362
642692512628000000 164 366 365 360
642692513616000000 165 364 362
642692514628000000 165 362 360 365
642692515626000000 165 363 360 361
642692516616000000 165 364 361
642692517617000000 166 361 364 360
642692518626000000 166 360 360 361
642692519616000000 166 361 362 361
642692520616000000 166 364 363 362
642692521628000000 166 360 364
642692522616000000 166 364 358 361
642692523718000000 166 363 363 362
642692524679000000 166 363 361 363
642692525616000000 166 360 365
642692526616000000 165 362 367 363
642692527627000000 165 364 365 363
642692528618000000 165 365 363
642692529616000000 165 363 366 365
642692530630000000 164 368 366 364
642692531616000000 164 368 364 367
642692532666000000 164 365 368
642692533616000000 164 365 368 368
642692534616000000 164 365 369 370
642692535615000000 163 365 368 369
642692536666000000 163 367 369
642692537627000000 163 368 366 370
642692538616000000 162 374 370 369
642692539628000000 162 373 372
642692540615000000 162 368 374 366
642692541615000000 162 370 373 366
642692542616000000 163 367 369 368
642692543617000000 162 372 372
642692544616000000 162 369 369 372
642692545616000000 162 371 375 369
642692546627000000 162 370 375
642692547616000000 162 371 371 371
642692548616000000 161 376 372 372
642692549618000000 161 370 375
642692550616000000 161 370 372 374
642692551616000000 161 370 373 372
642692552618000000 161 374 373
642692553616000000 161 374 375 375
642692554616000000 160 375 375 380
642692555666000000 160 377 372
642692556616000000 160 378 376 375
642692557616000000 160 374 376 377
642692558632000000 160 376 374
642692559616000000 160 376 375 372
642692560616000000 160 377 379 374
642692561633000000 160 377 377
642692562616000000 159 376 378 380
642692563617000000 159 377 377 381
642692564638000000 159 379 382
642692565616000000 158 377 381 380
642692566616000000 158 379 378
642692567627000000 158 386 381 375
642692568616000000 158 383 380 381
642692569717000000 158 375 385
642692570625000000 158 378 376 384
642692571616000000 158 379 378 379
642692572628000000 158 380 377
642692573666000000 158 380 379 375
642692574616000000 158 382 379 380
642692575615000000 158 387 381
642692576627000000 157 388 379 385
642692577616000000 157 383 386
642692578666000000 156 386 381 384
642692579627000000 156 387 378 379
642692580616000000 157 384 385
642692581616000000 157 381 378 381
642692582628000000 157 382 377 374
642692583616000000 158 381 377
642692584615000000 158 377 382 380
642692585627000000 158 381 381
642692586616000000 158 384 381 381
642692587616000000 157 383 379 381
642692588629000000 157 386 384
642692589616000000 157 381 381 385
642692590616000000 157 383 382 381
642692591629000000 157 382 383
642692592627000000 157 379 380 384
642692593616000000 157 381 381
642692594628000000 157 383 382 386
642692595616000000 157 383 385 383
642692596616000000 156 387 385
642692597627000000 156 386 381 390
642692598616000000 156 386 388
642692599616000000 156 384 389 389
642692600618000000 155 386 386
642692601627000000 155 391 391 384
642692602666000000 155 384 389 389
642692603628000000 155 387 381
642692604616000000 155 391 390 383
642692605616000000 155 384 390
642692606678000000 155 386 388 385
642692607617000000 156 384 386 385
642692608616000000 156 384 385
642692609667000000 156 385 383 388
642692610627000000 156 387 387
642692611616000000 155 390 386 389
642692612616000000 155 388 392 386
642692613668000000 155 390 389
642692614616000000 154 392 386 394
642692615716000000 154 388 389
642692616618000000 154 392 397 389
642692617617000000 154 391 394
642692618616000000 153 393 395 397
642692619668000000 153 392 397
642692620617000000 152 394 399 396
642692621616000000 152 395 395
642692622618000000 152 395 393 396
642692623616000000 152 392 394 390
642692624627000000 153 394 392
642692625627000000 153 391 391 391
642692626616000000 153 389 388
642692627616000000 154 392 389 387
642692628766000000 154 388 388
642692629616000000 155 383 386 391
642692630616000000 155 385 386 390
642692631630000000 155 390 388
642692632616000000 155 387 393 390
642692633616000000 154 388 392
642692634619000000 154 391 388 393
642692635668000000 154 393 389
642692636616000000 154 387 393 390
642692637630000000 154 387 393 393
642692638616000000 154 390 388
642692639616000000 154 393 390 389
642692640628000000 154 387 392
642692641616000000 154 390 389 390
642692642617000000 154 390 390
642692643618000000 154 389 386 390
642692644616000000 154 387 389
642692645616000000 154 388 390 391
642692646627000000 154 390 390 393
642692647619000000 154 391 389
642692648616000000 154 395 392 390
642692649627000000 154 391 394
642692650616000000 154 390 389 390
642692651616000000 154 389 386
642692652677000000 154 393 389 388
642692653616000000 154 389 390 387
642692654616000000 154 387 390
642692655627000000 155 389 385 390
642692656616000000 155 388 389
642692657616000000 155 385 390 389
642692658627000000 155 384 388 388
642692659616000000 155 384 385
642692660616000000 156 386 382 380
642692661628000000 156 387 378
642692662616000000 157 382 384 382
642692663616000000 157 385 383 386
642692664616000000 156 386 383
642692665616000000 156 385 390 386
642692666616000000 156 386 389
642692667616000000 156 383 386 386
642692668668000000 156 387 384 385
642692669616000000 156 383 385
642692670628000000 156 382 385 383
642692671616000000 156 382 385
642692672616000000 156 385 385 384
642692673616000000 156 387 384 385
642692674617000000 156 389 386
642692675616000000 156 388 383 388
642692676628000000 156 387 383
642692677618000000 156 389 385 387
642692678617000000 156 385 384
642692679666000000 156 388 382 388
642692680619000000 156 383 384 385
642692681616000000 156 388 383
642692682616000000 156 383 386 386
642692683619000000 156 387 386 386
642692684668000000 156 384 383
642692685666000000 156 382 388 382
642692686627000000 156 383 383
642692687617000000 156 384 386 382
642692688636000000 157 383 382 385
642692689628000000 156 384 386
642692690616000000 156 387 385 386
642692691616000000 156 383 387
642692692628000000 156 384 383 384
642692693628000000 156 386 383 383
642692694616000000 156 387 384
642692695627000000 156 383 387 386
642692696616000000 156 383 385
642692697616000000 156 382 387 380
642692698628000000 156 388 382 382
642692699616000000 157 379 384
642692700616000000 157 380 379 381
642692701678000000 157 379 379
642692702627000000 157 384 381 383
642692703616000000 157 380 382 383
642692704631000000 157 379 380
642692705616000000 158 380 379 377
642692706616000000 158 381 375 376
642692707619000000 159 378 378
642692708616000000 159 380 376 380
642692709616000000 159 377 376 378
642692710629000000 159 380 376
642692711628000000 159 376 378 376
642692712616000000 159 374 375 374
642692713628000000 160 374 370
642692714617000000 160 375 371 371
642692715617000000 161 372 370 369
642692716627000000 161 371 372
642692717616000000 162 372 369 373
642692718666000000 161 374 372 370
642692719628000000 161 374 372
642692720616000000 161 371 371 373
642692721628000000 162 373 364 374
642692722628000000 162 369 368 366
642692723616000000 163 366 370
642692724616000000 163 365 370 367
642692725628000000 163 369 369 371
642692726616000000 163 366 370
642692727616000000 163 368 372 368
642692728667000000 163 368 370 370
642692729617000000 163 367 367 365
642692730616000000 163 367 369
642692731627000000 163 371 370 372
642692732617000000 162 369 374 370
642692733636000000 162 371 372
642692734678000000 162 368 373 366
642692735617000000 162 374 374 373
642692736617000000 161 374 370
642692737628000000 161 375 368 376
642692738627000000 161 373 368 371
642692739669000000 162 371 370 372
642692740627000000 161 375 373
642692741616000000 161 374 373 376
642692742616000000 161 373 370 377
642692743666000000 161 371 370
642692744617000000 161 373 373 371
642692745617000000 161 375 370 377
642692746628000000 161 374 371
642692747617000000 161 376 370 371
642692748616000000 161 375 373 372
642692749628000000 161 374 370
642692750616000000 161 373 372 371
642692751666000000 161 372 373 371
642692752617000000 161 371 374
642692753617000000 161 370 374 373
642692754617000000 161 373 370 374
642692755617000000 161 372 370
642692756617000000 161 369 371 371
642692757628000000 161 371 374 372
642692758616000000 161 372 370 372
642692759617000000 162 370 371
642692760617000000 162 373 368 371
642692761617000000 162 371 372 371
642692762618000000 162 371 369
642692763616000000 162 372 369 368
642692764616000000 162 370 369 368
642692765617000000 162 369 373
642692766630000000 162 369 368 373
642692767666000000 163 365 367 371
642692768618000000 162 369 369
642692769617000000 163 369 368 369
642692770617000000 163 368 367 366
642692771628000000 163 366 369 367
642692772617000000 163 371 368
642692773616000000 163 370 367 368
642692774627000000 163 364 364 369
642692775628000000 164 364 369 365
642692776617000000 163 370 366
642692777628000000 163 367 370 366
642692778616000000 163 369 367 371
642692779616000000 163 369 370
642692780637000000 163 368 370 367
642692781616000000 163 369 368 370
642692782617000000 163 369 368 369
642692783628000000 163 367 367
642692784668000000 163 370 366 366
642692785628000000 163 370 368 368
642692786629000000 163 367 369
642692787616000000 163 369 368 367
642692788617000000 163 368 361
642692789666000000 163 369 737 370
642692790617000000 163 369 371
642692791667000000 163 368 367 369
642692792628000000 163 366 370 368
642692793617000000 163 367 371
642692794616000000 162 371 369 370
642692795628000000 162 368 368 371
642692796616000000 163 369 367 368
642692797719000000 163 366 368
642692798621000000 163 372 367 373
642692799616000000 162 370 373 369
642692800667000000 162 371 370
642692801628000000 162 370 369 368
642692802616000000 162 371 364 369
642692803616000000 163 370 364 371
642692804629000000 163 366 372
642692805617000000 163 368 370 368
642692806617000000 163 369 370 365
642692807666000000 163 367 367
642692808617000000 163 368 370 369
642692809616000000 163 369 369 367
642692810628000000 163 370 368 367
642692811616000000 163 369 366
642692812619000000 163 369 371 371
642692813628000000 163 369 368 370
642692814617000000 163 369 369
642692815617000000 163 368 372 368
642692816616000000 162 373 369 368
642692817668000000 162 373 365 368
642692818616000000 162 372 368
642692819628000000 162 372 371 370
642692820617000000 162 370 368 374
642692821617000000 162 368 370
642692822616000000 162 369 368 373
642692823617000000 162 370 373 371
642692824616000000 162 370 368
642692825616000000 162 375 369 373
642692826617000000 161 373 371 371
642692827617000000 162 372 373
642692828616000000 162 368 374 372
642692829617000000 161 371 374 372
642692830617000000 161 375 369
642692831617000000 161 374 372 372
642692832617000000 161 372 373 372
642692833667000000 161 370 376 374
642692834617000000 161 374 375
642692835628000000 161 372 373 376
642692836617000000 160 374 375 375
642692837628000000 160 371 374
642692838616000000 160 373 377 376
642692839616000000 160 373 377 376
642692840617000000 160 374 373
642692841617000000 160 377 377 373
642692842617000000 160 373 373 377
642692843617000000 160 378 377
642692844627000000 160 376 377 376
642692845617000000 159 380 377 375
642692846617000000 159 378 377
642692847617000000 159 380 378 380
642692848616000000 159 380 377
642692849617000000 159 379 377 381
642692850669000000 158 384 382 379
642692851667000000 158 384 379
642692852617000000 157 384 381 385
642692853628000000 157 383 381
642692854617000000 157 383 381 386
642692855617000000 157 385 385 387
642692856617000000 156 383 387
642692857617000000 156 384 388 386
642692858618000000 156 389 387
642692859616000000 156 383 388 386
642692860616000000 156 384 390 388
642692861617000000 155 387 387
642692862617000000 155 387 391 389
642692863617000000 155 386 391
642692864617000000 155 387 387 392
642692865617000000 155 388 388
642692866667000000 154 391 389 392
642692867666000000 154 388 392 388
642692868618000000 154 385 390
642692869617000000 155 387 386 393
642692870628000000 154 389 388
642692871619000000 154 390 391 389
642692872617000000 154 389 389
642692873617000000 154 390 388 390
642692874619000000 154 393 388 386
642692875616000000 154 389 388
642692876667000000 154 389 388 390
642692877619000000 154 391 390
642692878617000000 154 392 390 390
642692879617000000 154 392 395
642692880669000000 154 385 396 394
642692881617000000 153 389 395 395
642692882617000000 153 392 390
642692883669000000 153 391 393 385
642692884617000000 154 390 388
642692885617000000 154 385 387 387
642692886619000000 155 385 382
642692887616000000 155 388 386 385
642692888617000000 156 385 384 386
642692889668000000 156 383 387
642692890616000000 156 384 384 383
642692891617000000 156 385 384
642692892619000000 156 383 386 385
642692893616000000 156 383 389 388
642692894616000000 156 388 387
642692895619000000 155 387 390 386
642692896617000000 155 388 389
642692897617000000 155 387 383 389
642692898619000000 155 385 387 387
642692899617000000 155 386 384
642692900617000000 155 388 388 389
642692901629000000 155 385 388
642692902617000000 155 388 384 386
642692903628000000 156 385 384 383
642692904628000000 156 387 383
642692905617000000 156 383 381 385
642692906617000000 157 379 384
642692907628000000 157 382 381 383
642692908617000000 157 387 383 386
642692909617000000 156 383 383
642692910628000000 156 388 382 385
642692911617000000 156 383 382
642692912667000000 156 382 386 383
642692913628000000 157 383 381 383
642692914617000000 157 379 383
642692915617000000 157 379 381 380
642692916679000000 158 380 377 379
642692917617000000 158 382 378
642692918617000000 158 379 378 382
642692919628000000 158 377 377 380
642692920617000000 158 376 376
642692921617000000 159 374 380 372
642692922628000000 160 373 375 375
642692923617000000 160 373 377
642692924617000000 160 377 375 375
642692925619000000 160 377 375 375
642692926617000000 160 372 376
642692927618000000 160 372 373 375
642692928628000000 161 372 373 373
642692929617000000 160 377 373
642692930617000000 160 375 376 372
642692931667000000 160 372 376 372
642692932617000000 161 373 372
642692933629000000 161 373 373 371
642692934629000000 161 375 371 374
642692935617000000 161 371 370
642692936628000000 162 368 368 370
642692937628000000 162 371 371 371
642692938669000000 162 372 367
642692939617000000 162 369 366 370
642692940667000000 162 368 369 369
642692941669000000 163 368 370 369
642692942617000000 162 371 368
642692943687000000 162 368 369 370
642692944617000000 162 372 372 372
642692945628000000 162 371 370
642692946729000000 162 370 371 372
642692947617000000 162 369 371 369
642692948617000000 162 372 374
642692949679000000 161 373 372 370
642692950617000000 161 371 371 370
642692951617000000 162 371 373 365
642692952628000000 162 377 371
642692953617000000 161 374 377 369
642692954628000000 162 370 368 380
642692955617000000 161 375 372
642692956617000000 161 371 367 366
642692957617000000 162 369 369 375
642692958617000000 162 375 374
642692959617000000 161 372 371 372
642692960617000000 162 369 370 370
642692961617000000 162 368 372
642692962617000000 162 371 373 370
642692963617000000 162 369 372 370
642692964617000000 162 371 372
642692965617000000 161 374 371 375
642692966617000000 161 375 375 373
642692967617000000 161 372 376
642692968617000000 161 373 373 376
642692969617000000 160 375 375 376
642692970617000000 160 375 380
642692971669000000 160 376 377 378
642692972617000000 159 377 375 376
642692973617000000 160 377 372 378
642692974619000000 160 373 376
642692975617000000 160 377 378 376
642692976617000000 159 379 379
642692977618000000 159 380 380 379
642692978617000000 158 381 379 378
642692979617000000 158 381 379
642692980618000000 159 376 378 383
642692981667000000 158 380 380 381
642692982668000000 158 381 382
642692983619000000 157 383 384 383
642692984617000000 157 380 384
642692985628000000 157 379 384 381
642692986617000000 157 381 380 381
642692987617000000 157 380 380
642692988617000000 158 381 382 380
642692989619000000 158 378 380 379
642692990668000000 158 378 383
642692991617000000 158 383 381 383
642692992619000000 157 382 385
642692993617000000 157 383 382 380
642692994617000000 157 386 380 381
642692995619000000 157 380 381
642692996617000000 157 384 383 385
642692997629000000 157 383 385 384
642692998619000000 157 383 381
642692999617000000 157 385 383 382
642693000667000000 157 384 385
642693001619000000 157 381 384 386
642693002617000000 156 384 386
642693003617000000 156 387 381 389
642693004619000000 156 383 380
642693005617000000 156 388 771
642693006617000000 156 387 387 385
642693007619000000 156 385 385 383
642693008617000000 156 384 389
642693009628000000 156 382 384 389
642693010619000000 156 387 384
642693011669000000 156 387 386 384
642693012617000000 156 388 387
642693013619000000 156 384 385 386
642693014617000000 156 386 381 388
642693015668000000 156 386 387
642693016630000000 155 389 386 387
642693017617000000 155 388 387
642693018667000000 155 385 388 385
642693019628000000 156 384 387 383
642693020617000000 156 386 383
642693021617000000 156 383 385 387
642693022667000000 156 384 387
642693023618000000 156 385 388 385
642693024617000000 156 386 384 384
642693025629000000 156 383 380
642693026617000000 156 386 381 382
642693027617000000 157 383 381
642693028629000000 157 381 385 381
642693029617000000 157 384 382 383
642693030617000000 157 384 381
642693031628000000 157 380 382 379
642693032678000000 158 381 379 382
642693033617000000 157 382 379
642693034628000000 158 383 379 380
642693035617000000 158 378 381 378
642693036617000000 158 381 377
642693037630000000 158 383 376 378
642693038617000000 158 378 377
642693039617000000 159 375 378 376
642693040628000000 159 375 372 375
642693041628000000 160 374 371 373
642693042617000000 160 374 372
642693043629000000 161 373 375 375
642693044617000000 160 374 376 375
642693045719000000 160 377 372
642693046628000000 160 378 376 379
642693047617000000 160 376 376
642693048668000000 159 380 378 378
642693049628000000 159 378 378 374
642693050617000000 159 381 377
642693051617000000 159 376 377 378
642693052629000000 159 374 374 374
642693053617000000 160 375 375
642693054617000000 159 380 377 378
642693055628000000 159 378 379 381
642693056617000000 159 382 382
642693057629000000 158 382 378 379
642693058638000000 158 381 377 380
642693059617000000 158 378 378
642693060617000000 158 379 377 380
642693061629000000 159 378 378
642693062617000000 159 380 378 379
642693063617000000 159 376 382 375
642693064668000000 159 376 379
642693065669000000 159 379 379 375
642693066617000000 159 376 378 377
642693067628000000 159 378 374
642693068678000000 159 377 374 378
642693069617000000 159 376 375 375
642693070629000000 160 371 378
642693071617000000 160 374 376 376
642693072617000000 160 373 372 373
642693073628000000 160 372 374
642693074617000000 160 376 370 374
642693075617000000 160 375 375 376
642693076629000000 160 373 372
642693077617000000 161 375 371 371
642693078617000000 161 370 372 374
642693079629000000 161 374 377
642693080617000000 160 375 375 374
642693081667000000 160 374 373 375
642693082667000000 160 372 373
642693083617000000 161 371 376 372
642693084617000000 160 378 373 374
642693085628000000 160 377 371
642693086617000000 160 375 373 373
642693087630000000 161 371 374 372
642693088629000000 161 375 375 374
642693089617000000 160 377 376
642693090617000000 160 378 375 373
642693091630000000 160 376 376 373
642693092617000000 160 375 377
642693093617000000 160 371 377 376
642693094629000000 160 376 378 374
642693095617000000 160 377 373
642693096667000000 160 373 373 376
642693097628000000 160 375 375 374
642693098670000000 160 378 375
642693099617000000 160 374 374 377
642693100628000000 160 373 375 372
642693101618000000 160 374 375
642693102617000000 160 376 374 375
642693103629000000 160 375 373 372
642693104617000000 160 372 374
642693105667000000 161 370 373 371
642693106629000000 161 373 374 375
642693107617000000 161 373 375
642693108617000000 161 372 373 373
642693109628000000 161 374 373 375
642693110620000000 161 373 376
642693111617000000 161 369 379 376
642693112628000000 161 371 371 375
642693113617000000 161 373 374
642693114668000000 161 373 374 372
642693115628000000 161 372 370 371
642693116617000000 161 376 369
642693117617000000 161 370 373 369
642693118629000000 161 374 374 375
642693119619000000 161 372 372
642693120617000000 161 372 372 370
642693121629000000 161 372 370 375
642693122617000000 161 373 374 373
642693123617000000 161 375 372
642693124628000000 161 372 371 372
642693125617000000 161 371 373 375
642693126617000000 161 377 376
642693127628000000 160 377 373 376
642693128617000000 160 373 374 376
642693129617000000 160 375 374
642693130630000000 160 375 372 376
642693131669000000 161 372 372 376
642693132617000000 161 370 374
642693133630000000 161 375 372 375
642693134618000000 160 375 378 376
642693135617000000 160 373 379
642693136629000000 160 375 375 378
642693137669000000 159 379 379 379
642693138617000000 159 380 381
642693139628000000 159 379 376 383
642693140618000000 158 377 380
642693141617000000 158 378 380 383
642693142679000000 158 383 382 382
642693143617000000 157 385 384
642693144617000000 157 385 380 384
642693145629000000 157 382 382
642693146617000000 157 382 382 385
642693147669000000 157 385 384 384
642693148628000000 156 384 385
642693149617000000 156 384 382 379
642693150617000000 157 384 380
642693151629000000 157 382 385 382
642693152617000000 157 381 382 384
642693153618000000 157 383 380
642693154629000000 157 383 381 380
642693155617000000 158 380 377 380
642693156618000000 158 380 380
642693157628000000 158 382 381 385
642693158617000000 157 382 379 383
642693159617000000 157 379 379
642693160717000000 158 384 379 382
642693161617000000 157 383 381
642693162617000000 157 381 382 384
642693163629000000 157 382 379 381
642693164670000000 158 380 379
642693165629000000 158 380 381 384
642693166635000000 157 383 382
642693167617000000 157 384 384 384
642693168617000000 157 385 385 382
642693169667000000 157 381 380
642693170617000000 157 382 380 381
642693171617000000 158 378 381 383
642693172629000000 158 381 383
642693173618000000 157 382 382 382
642693174629000000 157 383 382 383
642693175628000000 157 384 383
642693176617000000 157 385 384 387
642693177617000000 156 387 382
642693178617000000 156 386 382 384
642693179617000000 156 384 383
642693180667000000 156 385 386 384
642693181617000000 156 386 383 387
642693182618000000 156 384 383
642693183628000000 156 383 382 380
642693184628000000 157 384 382
642693185617000000 156 385 385 383
642693186668000000 156 387 385 385
642693187617000000 156 385 382
642693188619000000 156 385 380 382
642693189617000000 157 384 382 381
642693190630000000 157 386 384
642693191617000000 157 381 385 384
642693192617000000 157 384 382
642693193629000000 156 388 381 384
642693194617000000 156 386 384 386
642693195618000000 156 383 383
642693196617000000 156 387 385 386
642693197670000000 156 386 383
642693198667000000 156 385 382 382
642693199633000000 157 382 383 384
642693200619000000 157 381 384
642693201617000000 156 384 385 383
642693202617000000 157 381 385
642693203620000000 157 381 383 381
642693204617000000 157 385 380 381
642693205617000000 157 386 383
642693206619000000 157 383 382 381
642693207618000000 157 383 382 382
642693208618000000 157 385 383
642693209619000000 157 385 383 383
642693210618000000 157 385 385
642693211618000000 156 383 388 381
642693212620000000 157 381 386
642693213668000000 156 389 386 387
642693214617000000 156 386 390 386
642693215618000000 155 386 390
642693216670000000 155 386 386 387
642693217630000000 155 385 389
642693218620000000 155 389 385 390
642693219617000000 155 388 389 389
642693220617000000 155 384 391
642693221669000000 155 385 384 391
642693222618000000 155 389 390
642693223617000000 155 386 389 389
642693224620000000 155 387 387 389
642693225617000000 155 385 384
642693226617000000 155 386 388 385
642693227620000000 156 384 389
642693228618000000 155 385 390 389
642693229667000000 155 390 390
642693230679000000 155 388 390 388
642693231618000000 155 389 388 387
642693232618000000 155 383 390
642693233680000000 155 387 386 384
642693234617000000 155 394 388
642693235618000000 155 389 389 391
642693236629000000 154 388 389 391
642693237618000000 154 388 386
642693238629000000 155 389 387 387
642693239628000000 155 388 389
642693240617000000 155 390 387 387
642693241618000000 155 393 389
642693242628000000 154 390 390 390
642693243618000000 154 388 391
642693244617000000 154 389 388 386
642693245629000000 155 387 386 387
642693246670000000 155 386 389
642693247667000000 155 386 389 389
642693248628000000 155 389 391
642693249617000000 154 390 391 392
642693250629000000 154 391 391
642693251629000000 154 391 389 386
642693252619000000 155 387 385 386
642693253618000000 155 388 383
642693254629000000 155 385 386 389
642693255617000000 155 386 389
642693256618000000 155 391 388 391
642693257629000000 154 389 391 389
642693258618000000 154 389 388
642693259618000000 154 390 388 386
642693260667000000 155 390 384
642693261628000000 155 387 384 384
642693262618000000 155 390 386
642693263679000000 155 386 388 388
642693264617000000 155 385 385 387
642693265617000000 155 386 384
642693266629000000 156 382 383 386
642693267618000000 156 380 380 383
642693268618000000 157 384 382
642693269630000000 157 384 385 384
642693270630000000 156 385 382
642693271618000000 157 384 381 383
642693272638000000 157 382 379 380
642693273617000000 157 382 386
642693274618000000 157 385 381 384
642693275629000000 157 383 382
642693276618000000 157 383 378 380
642693277618000000 158 377 377 376
642693278618000000 158 381 377
642693279670000000 158 379 381 381
642693280617000000 158 383 375 381
642693281618000000 158 382 384
642693282618000000 157 382 381 379
642693283618000000 158 383 386
642693284720000000 157 378 384 383
642693285617000000 157 386 379 388
642693286630000000 157 377 379
642693287618000000 157 384 383 386
642693288618000000 157 386 380 383
642693289617000000 157 384 382
642693290617000000 157 382 385 387
642693291720000000 157 377 387
642693292617000000 157 383 376 388
642693293617000000 157 383 384 381
642693294620000000 157 383 384
642693295618000000 157 385 383 386
642693296667000000 156 384 381
642693297620000000 156 386 385 388
642693298617000000 156 382 387 595
642693299629000000 156 574
642693300620000000 157 391 386 390
642693301618000000 156 388 394
642693302617000000 155 387 389 393
642693303620000000 154 395 390
642693304617000000 153 397 396 396
642693305618000000 152 400 402
642693306619000000 151 401 402 403
642693307618000000 150 405 407
642693308628000000 149 409 411 412
642693309729000000 147 414 415
642693310618000000 146 413 414 415
642693311668000000 146 415 419
642693312669000000 145 419 419
642693313720000000 144 423 422 424
642693314717000000 143 420 421
642693315818000000 143 421 423
642693316729000000 142 424 426 424
642693317617000000 142 427 426
642693318629000000 142 426 427
642693319618000000 141 425 426 424
642693320617000000 141 421 421
642693321629000000 142 423 423
642693322618000000 141 428 428 432
642693323618000000 141 434 436
642693324718000000 140 436 435
642693325629000000 138 438 442 439
642693326618000000 138 441 441
642693327629000000 137 445 441
642693328628000000 136 446 447
642693329668000000 135 451 446 449
642693330631000000 135 453 453
642693331618000000 134 455 453
642693332630000000 133 457 458
642693333679000000 132 459 458
642693334629000000 132 457 454
642693335618000000 132 449 452 452
642693336668000000 132 453 448
642693337618000000 133 452 452
642693338668000000 133 459 459
642693339768000000 132 461 456
642693340618000000 131 461 459 457
642693341629000000 131 460 460
642693342629000000 131 458 457
642693343618000000 131 463 466
642693344618000000 130 466 463
642693345629000000 130 474 476
642693346618000000 128 477 476
642693347619000000 127 480 480
642693348629000000 126 483 477 477
642693349719000000 126 478 479
642693350618000000 126 483 481
642693351630000000 125 484 485
642693352618000000 125 482 482
642693353618000000 125 483 485
642693354629000000 124 484 482
642693355618000000 124 488 490
642693356618000000 124 489 484
642693357718000000 123 487 489
642693358670000000 123 491 492
642693359618000000 123 492 489
642693360729000000 122 494 494
642693361670000000 122 493 492
642693362670000000 122 489 491
642693363630000000 122 492 493
642693364670000000 122 490 489
642693365668000000 122 497 498
642693366680000000 122 494 494
642693367618000000 121 496 499
642693368618000000 121 494 496
642693369628000000 121 494 492
642693370670000000 121 489 482
642693371620000000 123 485 486 479
642693372618000000 123 479 484
642693373619000000 124 487 486
642693374618000000 123 492 486
642693375618000000 123 497 495
642693376670000000 122 493 493
642693377618000000 122 487 493
642693378618000000 122 495 497
642693379618000000 122 496 487
642693380668000000 122 492 496
642693381618000000 122 492 489
642693382620000000 122 488 481
642693383618000000 123 483 483
642693384618000000 123 481 479
642693385620000000 124 488 491
642693386618000000 123 499 504
642693387618000000 122 508 509
642693388620000000 120 508 512
642693389618000000 119 520 517
642693390618000000 118 511 518
642693391620000000 118 515 509
642693392618000000 117 512 511
642693393685000000 118 506 510
642693394630000000 118 511 514
642693395668000000 117 518 515
642693396668000000 117 521 522
642693397619000000 116 517
642693398670000000 116 522 524
642693399618000000 116 516 521
642693400620000000 116 522 509
642693401618000000 116 520 521
642693402618000000 116 514 522
642693403670000000 116 521 516
642693404618000000 116 527 525
642693405629000000 115 525 532
642693406620000000 114 530 528
642693407618000000 114 531
642693408618000000 114 531 528
642693409619000000 114 529 527
642693410618000000 114 525 529
642693411618000000 114 531 526
642693412631000000 114 535 537
642693413618000000 113 534 540
642693414618000000 112 542 535
642693415629000000 112 538 539
642693416618000000 112 531
642693417620000000 112 529 527
642693418629000000 113 528 521
642693419618000000 113 525 523
642693420618000000 114 517 515
642693421668000000 115 511 504
642693422619000000 116 502 506
642693423629000000 117 504 506
642693424630000000 118 513 510
642693425618000000 117 519 521
642693426619000000 117 525 521
642693427629000000 116 520 516
642693428669000000 116 521 521
642693429618000000 116 520 522
642693430629000000 116 520
642693431618000000 115 530 534
642693432619000000 114 535 542
642693433679000000 113 549 551
642693434619000000 112 542 549
642693435620000000 111 553 544
642693436629000000 111 551
642693437618000000 110 547 553
642693438618000000 110 548 554
642693439668000000 109 558 553
642693440618000000 109 561 555
642693441618000000 109 553
642693442618000000 109 553 553
642693443618000000 108 555 546
642693444630000000 109 551 548
642693445618000000 109 548 554
642693446619000000 109 552
642693447618000000 109 552 563
642693448718000000 108 561 563
642693449618000000 108 565 562
642693450618000000 107 567 569
642693451618000000 107 560
642693452619000000 107 568 564
642693453618000000 107 563 563
642693454618000000 107 563 564
642693455621000000 107 566
642693456618000000 107 553 570
642693457618000000 106 568 574
642693458629000000 106 566 572
642693459618000000 106 562 566
642693460618000000 106 559
642693461669000000 106 556 554
642693462618000000 107 555 560
642693463618000000 107 554 565
642693464620000000 107 563
642693465720000000 107 573 575
642693466619000000 106 572 583
642693467631000000 105 586 577
642693468618000000 105 588
642693469618000000 104 583 572
642693470620000000 104 559 569
642693471618000000 105 568 572
642693472618000000 105 570
642693473619000000 105 579 573
642693474618000000 105 580 577
642693475618000000 104 577
642693476630000000 104 581 579
642693477618000000 104 574 577
642693478668000000 104 563 577
642693479629000000 104 574
642693480618000000 104 575 562
642693481668000000 105 576 569
642693482629000000 105 572 568
642693483618000000 105 568 560
642693484618000000 105 546
642693485629000000 107 558 560
642693486618000000 107 558 546
642693487680000000 107 563 563
642693488630000000 107 558 559
642693489618000000 107 552
642693490629000000 108 548 534
642693491629000000 109 538 532
642693492618000000 110 546 540
642693493618000000 110 550 550
642693494679000000 110 560
642693495618000000 109 558 558
642693496619000000 109 557 555
642693497629000000 109 544 553
642693498618000000 109 550 539
642693499668000000 109 550 556
642693500630000000 109 555
642693501618000000 109 559 560
642693502618000000 108 558 558
642693503618000000 108 556 555
642693504619000000 108 551 548
642693505619000000 109 535 541
642693506618000000 109 540
642693507620000000 110 545 545
642693508618000000 110 554 544
642693509618000000 110 560 557
642693510620000000 109 558 560
642693511669000000 109 553
642693512618000000 108 564 562
642693513621000000 108 558 557
642693514669000000 108 558 562
642693515622000000 108 554 554
642693516620000000 108 544
642693517618000000 108 550 547
642693518618000000 109 548 543
642693519620000000 109 540 545
642693520618000000 110 546 546
642693521633000000 110 543 551
642693522620000000 110 546
642693523618000000 110 550 552
642693524618000000 109 555 556
642693525620000000 109 557 544
642693526618000000 109 558 558
642693527671000000 109 559
642693528620000000 108 549 560
642693529670000000 108 554 552
642693530619000000 108 555 556
642693531718000000 108 552 558
642693532618000000 108 555
642693533618000000 108 550 557
642693534630000000 108 556 555
642693535618000000 108 553 556
642693536618000000 108 554 555
642693537680000000 108 554
642693538671000000 108 556 541
642693539668000000 109 554 556
642693540730000000 109 553 553
642693541618000000 109 556 555
642693542618000000 108 552
642693543630000000 108 555 556
642693544668000000 108 552 550
642693545630000000 109 554 545
642693546631000000 109 553 554
642693547618000000 109 550 553
642693548618000000 109 544
642693549618000000 109 554 551
642693550619000000 109 550 550
642693551619000000 109 544 544
642693552618000000 110 537 541
642693553618000000 110 539 532
642693554629000000 111 544
642693555618000000 111 547 547
642693556621000000 110 546 556
642693557618000000 110 561 554
642693558618000000 109 567 564
642693559621000000 108 559
642693560668000000 108 564 561
642693561668000000 108 553 559
642693562671000000 108 557 557
642693563629000000 108 555 559
642693564618000000 108 560
642693565620000000 108 554 559
642693566619000000 108 558 557
642693567618000000 108 560 561
642693568620000000 108 565
642693569618000000 107 565 571
642693570618000000 106 570 555
642693571619000000 107 566 564
642693572618000000 106 564 549
642693573619000000 107 562
642693574620000000 107 559 557
642693575619000000 107 555 541
642693576618000000 108 553 557
642693577671000000 108 552 550
642693578618000000 108 542
642693579618000000 109 552 551
642693580629000000 109 553 544
642693581618000000 109 556 553
642693582618000000 109 553 553
642693583630000000 109 537 546
642693584619000000 109 530
642693585618000000 110 540 529
642693586629000000 111 542 536
642693587618000000 111 539 541
642693588618000000 111 543 546
642693589630000000 111 546 539
642693590618000000 111 542 539
642693591620000000 111 540
642693592630000000 111 538 541
642693593670000000 111 533 547
642693594619000000 111 527 549
642693595718000000 111 542 547
642693596618000000 111 545 548
642693597619000000 111 529 541
642693598629000000 111 537
642693599619000000 111 535 538
642693600670000000 111 537 543
642693601618000000 111 540 546
642693602618000000 111 546 552
642693603619000000 111 544
642693604619000000 110 556 552
642693605621000000 109 553 557
642693606619000000 109 558 550
642693607631000000 109 555 548
642693608621000000 109 545 547
642693609618000000 109 552
642693610669000000 109 552 554
642693611670000000 109 555 556
642693612630000000 108 559 547
642693613771000000 109 556 551
642693614620000000 109 550 547
642693615619000000 109 543
642693616619000000 109 540 529
642693617770000000 110 542 523
642693619381000000 112 525 521
642693619622000000 113 530 529
642693620668000000 113 540 545
642693621618000000 112 548
642693622619000000 111 561 560
642693623731000000 110 566 559
642693624671000000 108 568 562
642693625619000000 108 564 557
642693626679000000 108 560
642693627618000000 108 557 561
642693628618000000 108 550 563
642693629631000000 108 560 548
642693630618000000 108 562
642693631618000000 108 565 563
642693632668000000 107 561 563
642693633619000000 107 561 557
642693634619000000 107 552 558
642693635631000000 108 553 553
642693636619000000 108 556
642693637619000000 108 557 560
642693638630000000 108 553 538
642693639619000000 109 552 552
642693640619000000 109 548 548
642693641669000000 109 556
642693642619000000 109 556 551
642693643668000000 109 563 558
642693644619000000 108 556 563
642693645618000000 108 561 565
642693646620000000 108 567
642693647619000000 107 572 573
642693648619000000 106 577 570
642693649619000000 106 581
642693650618000000 105 576 573
642693651621000000 105 574 576
642693652618000000 105 564 573
642693653619000000 105 551 560
642693654619000000 106 560
642693655620000000 106 556 555
642693656619000000 107 557 555
642693657621000000 107 554 557
642693658619000000 108 556 556
642693659669000000 108 554
642693660621000000 108 556 557
642693661619000000 108 560 548
642693662619000000 108 563 563
642693663621000000 108 567
642693664620000000 107 568 563
642693665669000000 106 578 566
642693666620000000 106 565 560
642693667619000000 107 553 546
642693668619000000 108 540 542
642693669621000000 108 538
642693670618000000 110 536 545
642693671618000000 110 551 554
642693672621000000 109 553 563
642693673618000000 109 563
642693674619000000 108 570 567
642693675621000000 107 581 577
642693676671000000 106 579 570
642693677619000000 105 578
642693678619000000 105 575 564
642693679618000000 105 566 568
642693680620000000 105 566 553
642693681670000000 106 567 565
642693682671000000 106 567
642693683618000000 106 554 576
642693684621000000 106 578 581
642693685618000000 105 578
642693686619000000 105 578 577
642693687630000000 104 575 570
642693688630000000 105 562 559
642693689619000000 106 543 560
642693690621000000 107 546
642693691619000000 107 550 538
642693692680000000 108 561 552
642693693634000000 108 552 555
642693694618000000 108 557 558
642693695618000000 108 564
642693696669000000 108 543 567
642693697618000000 108 563 564
642693698619000000 107 571 573
642693699669000000 107 577
642693700618000000 106 583 577
642693701669000000 105 581 576
642693702630000000 105 578 570
642693703619000000 105 571
642693704618000000 105 564 565
642693705630000000 105 561 550
642693706619000000 106 563 562
642693707618000000 106 567
642693708630000000 106 579 583
642693709671000000 105 579 591
642693710630000000 104 583 585
642693711680000000 104 579
642693712619000000 104 575 578
642693713619000000 104 575 566
642693714680000000 104 568 563
642693715618000000 105 564
642693716619000000 105 561 561
642693717632000000 106 545 563
642693718619000000 107 556 557
642693719770000000 107 559 552
642693720627000000 107 565
642693721619000000 107 558 555
642693722619000000 108 552 549
642693723626000000 108 541 539
642693724620000000 109 545 545
642693725669000000 110 546 545
642693726631000000 110 559
642693727619000000 109 557 570
642693728629000000 108 562 582
642693729631000000 107 582
642693730618000000 106 583 591
642693731619000000 104 594 593
642693732669000000 103 587 584
642693733619000000 103 584
642693734618000000 103 575 579
642693735621000000 104 570 580
642693736618000000 104 558 569
642693737619000000 105 578
642693738619000000 104 578 581
642693739619000000 104 589 598
642693740669000000 103 595
642693741619000000 102 596 594
642693742671000000 102 590 575
642693743668000000 102 594 574
642693744619000000 102 571
642693745619000000 103 564 557
642693746618000000 105 548 535
642693747619000000 107 558 556
642693748619000000 107 566
642693749619000000 107 570 583
642693750619000000 106 582 584
642693751621000000 105 587 590
642693752618000000 104 589
642693753619000000 103 586 579
642693754619000000 103 591 578
642693755619000000 103 579
642693756618000000 103 568 573
642693757620000000 104 569 563
642693758619000000 105 568 563
642693759619000000 105 566 560
642693760629000000 106 569
642693761619000000 106 563 561
642693762631000000 106 568 572
642693763621000000 106 567 570
642693764619000000 106 563
642693765618000000 106 567 564
642693766621000000 106 563 552
642693767619000000 107 550 556
642693768668000000 107 556 558
642693769671000000 107 561
642693770682000000 108 537 565
642693771618000000 108 560 563
642693772621000000 107 563 558
642693773619000000 108 550 551
642693774638000000 108 550
642693775671000000 108 555 554
642693776619000000 108 555 562
642693777619000000 108 566 559
642693778619000000 107 574
642693779618000000 107 570 567
642693780619000000 106 572 575
642693781621000000 106 577 573
642693782619000000 105 587
642693783619000000 104 582 577
642693784619000000 104 587 583
642693785618000000 104 579
642693786619000000 103 587 585
642693787620000000 103 573 585
642693788620000000 103 579 577
642693789669000000 103 580
642693790619000000 103 580 576
642693791619000000 104 572 582
642693792619000000 104 579 569
642693793621000000 104 577
642693794619000000 104 575 569
642693795631000000 105 563 578
642693796621000000 105 577 574
642693797719000000 104 567
642693798619000000 105 585 582
642693799621000000 104 575 587
642693800619000000 104 586 588
642693801619000000 103 579
642693802620000000 103 588 581
642693803619000000 103 575 581
642693804622000000 103 574
642693805779000000 104 565 573
642693806820000000 105 551 566
642693807619000000 105 564 563
642693808671000000 106 561 544
642693809670000000 106 563
642693810721000000 107 562 557
642693811730000000 107 558 542
642693812619000000 108 564 545
642693813619000000 108 549 552
642693814669000000 108 551
642693815670000000 108 562 569
642693816620000000 107 574 582
642693817731000000 107 584
642693818619000000 105 582 593
642693819669000000 104 592 597
642693820630000000 103 600 594
642693821619000000 102 601
642693822619000000 102 591 586
642693823630000000 102 587 577
642693824619000000 103 558 563
642693825619000000 104 562
642693826631000000 105 552 557
642693827619000000 106 544 566
642693828720000000 107 562 577
642693829631000000 106 556
642693830671000000 106 577 573
642693831619000000 106 576 574
642693832630000000 105 562 571
642693833670000000 106 569
642693834619000000 106 563 559
642693835630000000 106 555 555
642693836619000000 107 550 554
642693837619000000 108 545 533
642693838780000000 109 544 535
642693839619000000 109 545
642693840669000000 110 558 568
642693841730000000 108 572 571
642693842671000000 107 574 578
642693843619000000 106 581
642693844631000000 105 579 577
642693845619000000 105 581 577
642693846619000000 105 570 578
642693847719000000 105 566
642693848619000000 105 563 558
642693849619000000 106 563 557
642693850634000000 106 550 562
642693851619000000 107 561
642693852631000000 107 551 565
642693853621000000 107 563 557
642693854619000000 107 560 565
642693855620000000 106 585 576
642693856619000000 106 569
642693857619000000 106 569 569
642693858619000000 106 567 568
642693859619000000 106 559 566
642693860619000000 106 558
642693861669000000 107 550 558
642693862619000000 107 556 553
642693863619000000 107 557 553
642693864619000000 108 563 557
642693865639000000 107 563
642693866622000000 107 563 561
642693867619000000 107 563 566
642693868619000000 107 562 567
642693869620000000 107 566
642693870619000000 107 557 568
642693871631000000 106 568 565
642693872622000000 107 546 559
642693873619000000 107 563 557
642693874670000000 107 560
642693875671000000 107 557 546
642693876619000000 108 547 550
642693877619000000 108 549 544
642693878621000000 109 547 543
642693879619000000 109 549 551
642693880619000000 109 548
642693881621000000 109 551 548
642693882620000000 109 542 543
642693883619000000 110 538 543
642693884622000000 110 546 545
642693885620000000 110 557 559
642693886619000000 109 558
642693887622000000 109 559 559
642693888620000000 108 550 550
642693889622000000 109 552 541
642693890622000000 109 540 532
642693891672000000 110 533 534
642693892619000000 111 522 524
642693893670000000 112 531
642693894619000000 112 531 521
642693895630000000 113 516 521
642693896624000000 114 540 540
642693897619000000 113 530 528
642693898621000000 113 535 550
642693899623000000 112 539 543
642693900619000000 112 531
642693901618000000 112 535 532
642693902677000000 112 542 522
642693903619000000 113 527 520
642693904619000000 113 526 523
642693905670000000 114 514 510
642693906621000000 115 523 512
642693907673000000 116 501 522
642693908632000000 116 512 500
642693909619000000 117 505 512
642693910619000000 118 505 500
642693911669000000 118 499 507
642693912671000000 119 502 496
642693913619000000 119 491 500
642693914623000000 120 498 485
642693915619000000 121 491 500
642693916619000000 121 484 482
642693917670000000 122 481 483
642693918622000000 123 477 485 479
642693919669000000 124 472 471
642693920622000000 125 471 466
642693921619000000 127 461 461
642693922619000000 128 463 460
642693923669000000 129 460 457
642693924671000000 130 457 460
642693925618000000 130 463 468
642693926671000000 129 473 484 494
642693927671000000 126 493 494
642693928620000000 125 496
642693929622000000 124 504 509
642693930671000000 122 508 511
642693931625000000 120 511 515
642693932620000000 119 511 511
642693933623000000 118 513 513
642693934619000000 118 514 515
642693935618000000 117 519 519
642693936622000000 117 521 525
642693937620000000 116 528 529
642693938618000000 115 532 537
642693939628000000 114 534 536
642693940669000000 114 540
642693941619000000 113 542 542
642693942624000000 112 547 555
642693943619000000 111 557 561
642693944619000000 110 569
642693945620000000 108 569 574
642693946619000000 107 586 583
642693947619000000 105 589 591
642693948630000000 105 592
642693949619000000 103 595 602
642693950619000000 103 605
642693951621000000 102 606 615
642693952619000000 100 625 626
642693953621000000 99 634
642693954621000000 98 643 646
642693955619000000 97 638
642693956619000000 96 646 646
642693957671000000 95 629
642693958619000000 95 640 642
642693959619000000 95 633
642693960621000000 95 640 649
642693961619000000 94 645 651
642693962621000000 94 658
642693963621000000 93 656 648
642693964619000000 93 661
642693965619000000 92 664 653
642693966621000000 92 665
642693967620000000 92 667 654
642693968619000000 92 658
642693969621000000 91 664 666
642693970619000000 91 649
642693971631000000 91 673 643
642693972621000000 91 657
642693973672000000 91 656 655
642693974620000000 91 661
642693975639000000 91 644 633
642693976620000000 93 616 621
642693977618000000 93 632
642693978630000000 94 652 642
642693979619000000 93 666
642693980619000000 93 677 685
642693981631000000 92 663
642693982619000000 91 671 664
642693983619000000 91 626
642693984633000000 92 639 606
642693985621000000 94 613 603
642693986619000000 94 596
642693987630000000 96 596 595
642693988619000000 98 591 586
642693989619000000 99 582 573
642693990681000000 100 568
642693991619000000 102 572 565
642693992619000000 103 563 570
642693993631000000 104 575
642693994621000000 104 589 591
642693995669000000 103 597 602
642693996630000000 102 606
642693997619000000 101 608 604
642693998619000000 100 604 599
642693999631000000 100 591 581
642694000619000000 101 570
642694001619000000 102 563 549
642694002630000000 105 544 551
642694003619000000 107 544 549
642694004619000000 107 559
642694005632000000 107 569 596
642694006671000000 105 598 612
642694007619000000 104 619
642694008619000000 101 623 620
642694009619000000 100 618 612
642694010619000000 99 602
642694011619000000 99 592 584
642694012619000000 101 572 562
642694013619000000 103 553 546
642694014619000000 106 534 530
642694015619000000 108 525 521
642694016619000000 111 515 508
642694017669000000 113 511 501
642694018619000000 116 492 493
642694019619000000 118 493 496
642694020619000000 119 504
642694021621000000 119 520 597
642694022619000000 119 711
642694023681000000 119 794
642694024620000000 118 834
642694025619000000 116 787 729
642694026639000000 99 688 665
642694027622000000 97 648
642694028619000000 96 605 578
642694029619000000 98 573 565
642694030621000000 101 563 564
642694031619000000 102 562
642694032619000000 104 562 561
642694033621000000 105 555 548
642694034619000000 106 550 542
642694035619000000 108 540 547
642694036620000000 108 561 554
642694037619000000 108 555
642694038619000000 108 564 576
642694039671000000 107 591 598
642694040622000000 105 585
642694041619000000 104 598 600
642694042622000000 103 614
642694043619000000 101 619 635
642694044619000000 99 647 655
642694045621000000 98 651
642694046620000000 96 644 644
642694047619000000 95 639
642694048623000000 95 630 630
642694049621000000 95 626
642694050619000000 95 622 621
642694051622000000 96 621 626
642694052619000000 96 628
642694053619000000 96 634 633
642694054623000000 95 630
642694055619000000 95 629 632
642694056669000000 95 628 622
642694057620000000 95 617
642694058632000000 96 612 605
642694059629000000 97 599 595
642694060621000000 98 592
642694061619000000 99 583 574
642694062619000000 101 576 579
642694063621000000 101 587
642694064618000000 101 629 706
642694065619000000 99 732
642694066621000000 96 721
642694067619000000 92 705 715
642694068619000000 91 710
642694069621000000 89 665 627
642694070619000000 91 616 606
642694071619000000 92 606
642694072671000000 94 614 622
642694073620000000 95 640
642694074623000000 95 671
642694075621000000 93 718 770
642694076670000000 91 781
642694077624000000 89 802
642694078622000000 85 813 787
642694079671000000 84 748
642694080670000000 83 741
642694081623000000 83 726 712
642694082620000000 83 691
642694083619000000 84 704 709
642694084622000000 84 700
642694085619000000 84 700
642694086620000000 84 724 732
642694087623000000 84 694
642694088619000000 84 711 685
642694089670000000 85 668 646
642694090633000000 86 640
642694091619000000 88 636 632
642694092630000000 89 637
642694093630000000 89 650
642694094619000000 90 675 707
642694095619000000 90 720
642694096622000000 89 752
642694097619000000 87 758 742
642694098619000000 86 712
642694099670000000 85 709 691
642694100620000000 85 688
642694101620000000 86 652 657
642694102631000000 87 652
642694103620000000 88 655 664
642694104633000000 89 647 660
642694105679000000 89 664
642694106621000000 89 664
642694107623000000 90 667 674
642694108633000000 90 668
642694109620000000 90 662 663
642694110620000000 90 659 661
642694111632000000 90 653
642694112620000000 90 659
642694113633000000 90 667 679
642694114630000000 90 685 667
642694115620000000 90 664
642694116620000000 90 661 651
642694117633000000 90 634
642694118622000000 91 634 641
642694119620000000 92 666
642694120623000000 91 686 713
642694121619000000 90 689
642694122669000000 90 682
642694123623000000 89 680 670
642694124621000000 89 673
642694125620000000 89 666 671
642694126669000000 89 678
642694127622000000 89 699 715
642694128619000000 88 732
642694129620000000 88 732
642694130621000000 86 744 720
642694131621000000 86 714
642694132672000000 85 705 698
642694133673000000 85 686
642694134619000000 86 681 682
642694135619000000 86 688
642694136622000000 86 701
642694137620000000 86 712 742
642694138670000000 86 752
642694139620000000 85 761
642694140619000000 84 736 735
642694141623000000 84 728
642694142619000000 83 700 697
642694143623000000 84 694
642694144620000000 84 692 679
642694145619000000 85 690
642694146620000000 85 701
642694147620000000 85 714 702
642694148622000000 85 717
642694149619000000 85 721 724
642694150621000000 85 710
642694151621000000 85 719
642694152620000000 84 712 707
642694153620000000 84 688
642694154620000000 85 694 695
642694155673000000 85 699
642694156620000000 85 701
642694157620000000 85 720 732
642694158620000000 85 730
642694159622000000 84 734 737
642694160623000000 84 726
642694161620000000 84 717 678
642694162619000000 84 682
642694163622000000 85 669 669
642694164620000000 86 674
642694165619000000 86 684
642694166622000000 87 683 703
642694167619000000 87 719
642694168619000000 86 742
642694169623000000 85 738 748
642694170619000000 85 734
642694171620000000 84 720 696
642694172622000000 84 689
642694173622000000 85 673 661
642694174619000000 85 645
642694175622000000 87 652 663
642694176624000000 88 694
642694177620000000 88 783
642694178620000000 87 787
642694179624000000 84 806 772
642694180620000000 83 727
642694181621000000 83 718 674
642694182630000000 84 657 646
642694183670000000 85 642
642694184622000000 87 641 638
642694185620000000 88 640
642694186620000000 89 652 639
642694187623000000 90 646
642694188722000000 90 681
642694189621000000 90 729 741
642694190622000000 88 726
642694191632000000 87 731 716
642694192620000000 86 699
642694193621000000 86 678 675
642694194620000000 87 667
642694195620000000 87 667 662
642694196622000000 88 659
642694197619000000 89 655 678
642694198619000000 89 688
642694199622000000 89 698
642694200620000000 88 694 696
642694201620000000 88 684
642694202624000000 88 683 680
642694203622000000 88 677
642694204619000000 88 681 687
642694205620000000 88 699
642694206621000000 88 706
642694207619000000 87 713 723
642694208622000000 87 724
642694209620000000 86 707 705
642694210620000000 86 701
642694211622000000 86 691 679
642694212621000000 86 682
642694213620000000 86 682 683
642694214624000000 87 683
642694215620000000 87 693
642694216620000000 87 686 693
642694217622000000 87 705
642694218620000000 87 694 675
642694219622000000 87 657 655
642694220622000000 88 646
642694221672000000 89 648 656
642694222620000000 89 663
642694223633000000 90 663 673
642694224620000000 90 676
642694225619000000 90 686
642694226622000000 89 688 696
642694227620000000 89 693
642694228623000000 88 701 692
642694229622000000 88 690
642694230620000000 88 694 689
642694231621000000 87 685
642694232622000000 87 690
642694233620000000 87 695 717
642694234624000000 87 716
642694235623000000 86 726 727
642694236620000000 86 719
642694237622000000 85 695
642694238632000000 85 703 695
642694239671000000 85 700
642694240620000000 86 688 699
642694241631000000 86 693
642694242619000000 86 696 695
642694243620000000 86 693
642694244629000000 86 690 684
642694245620000000 86 688
642694246620000000 86 696
642694247631000000 86 700 692
642694248619000000 86 690
642694249620000000 87 682 672
642694250623000000 87 665
642694251620000000 88 661 664
642694252620000000 88 663
642694253631000000 89 669 675
642694254675000000 89 684
642694255620000000 89 681 683
642694256620000000 88 679
642694257620000000 88 682 676
642694258620000000 88 675
642694259620000000 88 678 679
642694260619000000 89 665
642694261619000000 89 646 645
642694262620000000 90 648
642694263619000000 91 634 641
642694264619000000 91 646
642694265619000000 92 662 669
642694266620000000 91 691
642694267620000000 90 695 687
642694268620000000 90 689
642694269631000000 89 674 668
642694270621000000 89 648 642
642694271622000000 90 629
642694272620000000 92 619 613
642694273620000000 92 601
642694274631000000 95 603 619
642694275619000000 95 643
642694276619000000 94 679 710
642694277619000000 93 748
642694278622000000 91 777
642694279620000000 88 771 740
642694280633000000 86 729
642694281622000000 85 716 690
642694282619000000 85 664
642694283622000000 87 649 623
642694284621000000 88 627
642694285669000000 90 634 639
642694286619000000 90 626
642694287671000000 92 637 648
642694288620000000 92 659
642694289619000000 92 674 680
642694290621000000 91 684
642694291620000000 90 677 688
642694292622000000 90 684
642694293622000000 89 670 656
642694294620000000 90 642 635
642694295619000000 91 629
642694296622000000 92 623 624
642694297619000000 93 627
642694298620000000 94 622 618
642694299622000000 95 595 604
642694300619000000 96 595
642694301631000000 97 592 596
642694302622000000 98 615 596
642694303620000000 98 608
642694304720000000 99 599 599
642694305621000000 99 608
642694306622000000 99 633 668
642694307631000000 97 700
642694308622000000 96 729
642694309620000000 92 752 768
642694310619000000 90 773
642694311622000000 88 747
642694312620000000 86 740 711
642694313619000000 85 708
642694314622000000 85 693 686
642694315621000000 86 676
642694316620000000 86 673 672
642694317620000000 87 668
642694318620000000 87 677 679
642694319619000000 88 694
642694320672000000 87 706 713
642694321620000000 87 721
642694322625000000 86 704
642694323622000000 86 698 691
642694324622000000 86 677 673
642694325620000000 87 654
642694326622000000 88 626 630
642694327623000000 89 626
642694328670000000 91 598 615
642694329621000000 93 603 595
642694330620000000 95 586
642694331619000000 97 596 587
642694332621000000 99 586 581
642694333620000000 100 576 573
642694334620000000 102 565 563
642694335622000000 103 556
642694336620000000 105 554 549
642694337722000000 106 543 543
642694338622000000 108 543 542
642694339620000000 109 548 552
642694340623000000 109 562
642694341622000000 108 565 572
642694342620000000 107 576 584
642694343620000000 106 581 581
642694344621000000 105 577
642694345620000000 105 569 565
642694346620000000 105 557 554
642694347631000000 107 549 549
642694348620000000 108 541 549
642694349619000000 108 554
642694350622000000 108 560 566
642694351620000000 107 583 595
642694352620000000 106 598
642694353672000000 104 597 593
642694354620000000 103 587 582
642694355620000000 103 573 566
642694356622000000 104 558 555
642694357620000000 105 550
642694358620000000 106 555 549
642694359622000000 107 555 556
642694360620000000 107 561 563
642694361620000000 107 578
642694362623000000 106 586 585
642694363620000000 105 592 597
642694364620000000 104 596
642694365622000000 103 590 585
642694366620000000 103 581 576
642694367619000000 103 565 564
642694368622000000 104 566
642694369620000000 105 568 572
642694370673000000 105 566 580
642694371622000000 105 578 583
642694372620000000 104 577
642694373631000000 104 575 579
642694374632000000 104 576 578
642694375620000000 104 577 580
642694376619000000 104 582
642694377632000000 104 586 606
642694378620000000 102 609 598
642694379632000000 102 599
642694380631000000 101 603 602
642694381672000000 101 595 598
642694382670000000 101 596
642694383631000000 101 592 586
642694384622000000 101 597 592
642694385620000000 101 601
642694386681000000 101 601 610
642694387620000000 100 604 607
642694388720000000 100 605
642694389631000000 100 600 593
642694390619000000 100 597 592
642694391620000000 100 594
642694392632000000 101 592 586
642694393622000000 101 580 573
642694394620000000 102 583 567
642694395631000000 103 564
642694396620000000 104 576 572
642694397619000000 104 563 580
642694398632000000 104 586
642694399620000000 104 575 586
642694400620000000 104 568 595
642694401630000000 104 573 563
642694402623000000 104 550
642694403671000000 105 572 587
642694404631000000 104 597 605
642694405624000000 103 616
642694406630000000 101 614 613
642694407628000000 100 613 612
642694408620000000 100 607
642694409621000000 99 607 600
642694410633000000 100 590 596
642694411620000000 100 594
642694412622000000 100 589 592
642694413633000000 101 596 590
642694414622000000 101 612
642694415621000000 100 624 631
642694416633000000 99 652
642694417621000000 97 659 634
642694418620000000 96 668
642694419675000000 94 662 639
642694420622000000 94 643
642694421621000000 94 656 637
642694422633000000 94 629
642694423623000000 94 671 696
642694424621000000 93 725
642694425634000000 91 754
642694426621000000 90 817
642694427626000000 86 832 775
642694428634000000 84 770
642694429674000000 83 736 703
642694430622000000 83 691
642694431621000000 84 690 688
642694432623000000 84 685
642694433621000000 85 680 667
642694434621000000 85 646
642694435673000000 87 643 633
642694436671000000 89 614 618
642694437621000000 90 613
642694438621000000 93 611 611
642694439621000000 93 616
642694440622000000 95 627 652
642694441621000000 94 646
642694442623000000 94 670 680
642694443621000000 93 646
642694444622000000 92 657 645
642694445622000000 93 624 623
642694446623000000 93 611
642694447622000000 95 603 605
642694448623000000 96 605 611
642694449621000000 97 620
642694450622000000 97 634 646
642694451621000000 96 643
642694452672000000 95 646 640
642694453624000000 95 636
642694454624000000 95 633 627
642694455623000000 95 617 624
642694456621000000 95 627
642694457625000000 96 617 628
642694458623000000 96 649
642694459625000000 95 664 664
642694460620000000 94 673
642694461623000000 93 669 669
642694462622000000 92 662
642694463622000000 91 676 668
642694464623000000 91 643
642694465622000000 91 648 648
642694466633000000 92 639
642694467624000000 92 646 646
642694468621000000 92 639 633
642694469671000000 93 637
642694470623000000 93 625 620
642694471623000000 94 618 614
642694472621000000 95 605
642694473623000000 96 591 591
642694474622000000 98 589 588
642694475622000000 99 575
642694476622000000 100 602 623
642694477622000000 100 634
642694478622000000 98 651 661
642694479626000000 97 677
642694480626000000 94 678 648
642694481622000000 94 652
642694482621000000 93 651 642
642694483625000000 93 628 625
642694484622000000 94 619
642694485676000000 95 610 612
642694486675000000 96 607 611
642694487623000000 96 609
642694488621000000 97 604 604
642694489629000000 98 604
642694490622000000 98 602 601
642694491621000000 99 605 604
642694492625000000 99 599 596
642694493623000000 99 593
642694494621000000 100 590 575
642694495625000000 101 583 581
642694496622000000 102 579
642694497625000000 102 576 579
642694498625000000 103 597 614
642694499624000000 102 649
642694500623000000 101 677
642694501625000000 96 696 713
642694502674000000 94 717
642694503625000000 91 692 685
642694504625000000 91 685
642694505624000000 90 680 667
642694506622000000 90 666
642694507625000000 90 676 666
642694508624000000 90 665
642694509623000000 90 678 710
642694510625000000 89 704
642694511624000000 89 692
642694512624000000 88 701 716
642694513625000000 87 717
642694514627000000 87 704 728
642694515623000000 86 748
642694516625000000 86 698
642694517624000000 85 684 682
642694518672000000 86 671
642694519625000000 87 678 694
642694520624000000 87 696
642694521624000000 87 691 673
642694522625000000 87 683
642694523623000000 87 675 659
642694524622000000 88 672
642694525633000000 88 674 645
642694526621000000 89 657
642694527620000000 89 666 689
642694528622000000 89 681
642694529620000000 89 701
642694530620000000 88 712 707
642694531623000000 88 724
642694532621000000 87 723 711
642694533621000000 86 705
642694534621000000 86 702 707
642694535672000000 86 676
642694536620000000 86 658 658
642694537622000000 87 649
642694538670000000 88 664
642694539620000000 88 686 742
642694540622000000 88 808
642694541620000000 86 809
642694542621000000 84 798 757
