timestamp hr
643630143793000000 57 1227
643630144787000000 57 1204
643630145792000000 56 1112
643630146790000000 56 960 885
643630147790000000 57 983
643630148786000000 58 876
643630149786000000 58
643630150789000000 58 985
643630151788000000 59 1069
643630152788000000 59 1105
643630153788000000 59 1047
643630154787000000 58 996
643630155788000000 59 986 987
643630156797000000 59 961
643630157839000000 59 865
643630158787000000 60 899
643630159848000000 61 961
643630160787000000 61 1081
643630161801000000 61
643630162801000000 61 986
643630163787000000 60 1152
643630164787000000 59 1167 995
643630165801000000 59 918
643630166787000000 59
643630167788000000 59 906
643630168838000000 60 933
643630169788000000 60 1096
643630170837000000 60 1153 932
643630171840000000 60 918
643630172787000000 60
643630173787000000 60 988 1010
643630174850000000 60 987
643630175787000000 60 991
643630176787000000 60 950
643630177845000000 60 954
643630178787000000 61 943
643630179787000000 61 826
643630180815000000 62 851
643630181788000000 63 857
643630182788000000 63 900
643630183815000000 64 1000
643630184787000000 64 1011
643630185787000000 63 1010
643630186838000000 63 998
643630187788000000 63 885
643630188788000000 63 878
643630189790000000 63 1112
643630190788000000 63 1191
643630191786000000 62 928
643630192800000000 62 977
643630193788000000 62 942
643630194800000000 62 1009
643630195814000000 62 1234
643630196787000000 61 1087
643630197787000000 60 1084
643630198800000000 60 1058
643630199788000000 59 1025
643630200788000000 59 927
643630201800000000 59 892
643630202787000000 60 901
643630203786000000 61 895
643630204797000000 61 1030
643630205792000000 61 1134
643630206788000000 61 1051
643630207850000000 60 1120
643630208788000000 60 1024
643630209791000000 59 989
643630210799000000 59 1009
643630211787000000 60 1018
643630212788000000 59 895
643630213790000000 60 880
643630214791000000 61 884
643630215815000000 61 967
643630216801000000 62 978
643630217787000000 62 998
643630218787000000 62 1157
643630219915000000 60 1023 841
643630220787000000 61 792
643630221789000000 62 799
643630222801000000 64 837
643630223788000000 65 958
643630224787000000 65 1114
643630225815000000 64 1077
643630226788000000 63 1060
643630227837000000 62 988
643630228795000000 62 954
643630229788000000 62 922
643630230787000000 62 848
643630231790000000 63 846
643630232788000000 64 855 870
643630233787000000 65 824
643630234790000000 65 835
643630235788000000 66 854
643630236788000000 67 771
643630237800000000 68 886 831
643630238789000000 68 822
643630239789000000 69 826
643630240839000000 69 885
643630241787000000 69 768 757
643630242799000000 70 740
643630243789000000 73 714 683
643630244788000000 74 711
643630245788000000 76 696 713
643630246790000000 77 655
643630247787000000 78 755
643630248787000000 79 747 703
643630249790000000 79 747
643630250788000000 80 703
643630251837000000 80 718 724
643630252789000000 81 744
643630253787000000 81 686 762
643630254788000000 81 715
643630255788000000 82 666 741
643630256787000000 82 697
643630257789000000 83 699
643630258787000000 83 677 679
643630259787000000 84 682
643630260839000000 85 668 690
643630261787000000 85 700
643630262787000000 86 734
643630263788000000 85 780
643630264788000000 85 847
643630265789000000 82 835 858
643630266787000000 81 871
643630267789000000 80 820
643630268787000000 79 785
643630269795000000 78 840
643630270788000000 78 1033
643630271787000000 75 1134
643630272838000000 70 1118
643630273840000000 67 1067
643630274799000000 66 1019
643630275788000000 65 931
643630276788000000 65 893
643630277787000000 65 848 840
643630278837000000 66 774
643630279787000000 67 745
643630280787000000 68 790
643630281799000000 68
643630282788000000 69 959
643630283799000000 69 1203
643630284790000000 68 1172
643630285788000000 66 1200
643630286787000000 64 1152
643630287799000000 63 1108
643630288789000000 62 1083
643630289787000000 61 1015
643630290790000000 61 1013
643630291787000000 61 1037
643630292787000000 61
643630293800000000 61 1167
643630294788000000 60 1180
643630295788000000 59 1150
643630296799000000 58 1151
643630297789000000 58 1180
643630298787000000 57 1169
643630299800000000 56 1134
643630300787000000 56
643630301788000000 56 1090
643630302801000000 56 1089
643630303788000000 56 1072
643630304788000000 56 1144
643630305799000000 56 1173
643630306839000000 55 1192
643630307788000000 55 1165
643630308800000000 54 1126
643630309788000000 54
643630310788000000 54 1115
643630311801000000 54 1089 1065
643630312788000000 54 962
643630313787000000 55 890
643630314790000000 56 877
643630315788000000 57 950
643630316788000000 58 1002
643630317790000000 58 1086
643630318787000000 58 1051
643630319788000000 58
643630320800000000 58 1040
643630321787000000 58 1093
643630322788000000 58 1059
643630323849000000 58 1041
643630324787000000 58 1113
643630325787000000 57 1106
643630326791000000 57 1090
643630327787000000 57 1089
643630328837000000 57 1069
643630329837000000 57 1037
643630330787000000 57 1029
643630331787000000 57 982
643630332799000000 57 934
643630333788000000 58 887 809
643630334789000000 60 787
643630335791000000 60
643630336788000000 61 899
643630337787000000 62 1034
643630338837000000 62 1058
643630339839000000 62 1083
643630340788000000 61 1079
643630341789000000 61 1104
643630342788000000 60 1096
643630343837000000 60 1062
643630344788000000 59 1035
643630345788000000 59 1034
643630346787000000 59 1038
643630347790000000 59
643630348787000000 59 1130
643630349788000000 58 1197
643630350790000000 58 1188
643630351787000000 57 1121
643630352888000000 56 1139
643630353789000000 56 1064
643630354787000000 56 1109
643630355787000000 56 1081
643630356839000000 56 1058
643630357787000000 56 986
643630358787000000 56 992
643630359789000000 57 941
643630360787000000 57 915
643630361786000000 58 923
643630362789000000 59 984
643630363788000000 59 1021
643630364787000000 59 1088
643630365788000000 59 1078
643630366799000000 59 1054
643630367787000000 58 1056
643630368788000000 58 994
643630369788000000 58 963
643630370789000000 59 919
643630371788000000 59 948
643630372847000000 60 993
643630373787000000 60 1051
643630374787000000 60 1063
643630375837000000 59 1132
643630376799000000 59 1098
643630377788000000 58 1069
643630378788000000 58 1036
643630379800000000 58
643630380790000000 58 1018
643630381788000000 58 1025
643630382800000000 58 1032
643630383840000000 58 1015
643630384845000000 58 1008
643630385800000000 58 1016
643630386788000000 58 1055
643630387788000000 58 1084
643630388825000000 58 1168
643630389899000000 58 1140
643630390787000000 57 1133
643630391800000000 57 1105
643630392788000000 57
643630393787000000 56 1085
643630394800000000 56 1105
643630395788000000 56 1103
643630396788000000 56 1155
643630397800000000 56 1173
643630398799000000 55 1161
643630399787000000 55 1071
643630400800000000 55 891
643630401788000000 55 872
643630402788000000 57 988
643630403820000000 58 1098
643630404788000000 58 1216
643630405837000000 57 1185
643630406801000000 56 1023
643630407787000000 56 1113
643630408788000000 56 979
643630409800000000 56 894
643630410788000000 57 872
643630411787000000 58 913
643630412865000000 59 976
643630413787000000 60 1013
643630414787000000 60 1048
643630415790000000 59 1000
643630416787000000 59 982
643630417787000000 60 984
643630418808000000 60 994
643630419788000000 60 979
643630420789000000 60 928
643630421839000000 60 951
643630422838000000 61 991
643630423788000000 61 981
643630424789000000 61 990
643630425788000000 61 1003
643630426788000000 61 1005
643630427789000000 61 975
643630428787000000 61 973
643630429787000000 61 994
643630430789000000 61 957
643630431787000000 61 984
643630432787000000 61 1029
643630433790000000 61 1079
643630434787000000 60 986
643630435789000000 60 986
643630436789000000 60 1004
643630437787000000 60 1008
643630438837000000 60 1075
643630439789000000 60 1123
643630440788000000 59 1148
643630441787000000 59 1086
643630442790000000 58 1043
643630443788000000 58 1051
643630444789000000 58 1021
643630445788000000 58 985
643630446788000000 58 928
643630447787000000 59 861
643630448787000000 61 817 804
643630449788000000 62 769
643630450787000000 63 763
643630451788000000 67 719 722
643630452787000000 68 730
643630453788000000 71 696 677
643630454788000000 74 683
643630455838000000 77 666 667
643630456815000000 78 636
643630457787000000 80 655
643630458788000000 81 665
643630459801000000 82 720
643630460840000000 83 910
643630461788000000 82 1011
643630462837000000 76 1067
643630463788000000 72 1038
643630464788000000 70 1000
643630465801000000 69 941
643630466788000000 68 951
643630467788000000 68 962
643630468800000000 67 1001
643630469788000000 67 1054
643630470787000000 66 1117
643630471849000000 65 1120
643630472788000000 64 1122
643630473787000000 63 1069
643630474800000000 62 1052
643630475788000000 61 1029
643630476788000000 61 1037
643630477816000000 61 1061
643630478788000000 60 1005
643630479788000000 60 996
643630480800000000 60 991
643630481794000000 60 1033
643630482788000000 60 1062
643630483800000000 60
643630484788000000 60 1057
643630485838000000 59 1042
643630486802000000 59 1147
643630487840000000 59 1172
643630488837000000 58 1141
643630489800000000 57 1085
643630490794000000 57 1051
643630491800000000 57 1008
643630492789000000 57 977
643630493787000000 58 958
643630494788000000 58 961
643630495790000000 58 1019
643630496788000000 59 994
643630497788000000 59 1064
643630498789000000 59 979
643630499787000000 59 975
643630500787000000 59 954
643630501790000000 59 1038
643630502788000000 59 1173
643630503787000000 59
643630504899000000 59 1203
643630505788000000 58 1182
643630506787000000 57 1148
643630507790000000 57 1141
643630508787000000 56 1146
643630509788000000 56 1103
643630510788000000 56 1072
643630511788000000 56
643630512787000000 56 1146
643630513800000000 55 1194
643630514787000000 55 1186
643630515788000000 55 1160
643630516790000000 54 1111
643630517788000000 54 1076
643630518790000000 54 1043
643630519790000000 54 1040
643630520787000000 55 1075
643630521837000000 55 1074
643630522800000000 55 1058
643630523788000000 55 1080
643630524863000000 55 945
643630525788000000 56 912
643630526788000000 57 899
643630527790000000 58 969
643630528788000000 58 1145
643630529787000000 58
643630530787000000 58 1151
643630531798000000 58 1145
643630532788000000 57 1164
643630533788000000 57 1142
643630534788000000 56 1144
643630535788000000 56 1141
643630536844000000 55 1147
643630537840000000 55
643630538788000000 55 1159
643630539800000000 55 1099
643630540788000000 55 1069
643630541788000000 55 1027
643630542800000000 55 1021
643630543788000000 55 1039
643630544788000000 56 1027
643630545801000000 56 1037
643630546788000000 56 1039
643630547788000000 56 1090
643630548800000000 56 1128
643630549788000000 56 1026
643630550790000000 56 986
643630551800000000 56 901
643630552788000000 57 920
643630553788000000 58 970
643630554888000000 59 1103
643630555789000000 59 1146
643630556788000000 58 1149
643630557799000000 57 1128
643630558789000000 57 1094
643630559789000000 57 1057
643630560800000000 57 993
643630561788000000 57 940
643630562788000000 57
643630563838000000 57 953
643630564788000000 58 1109
643630565788000000 58 1101
643630566816000000 58 1040
643630567789000000 57 1024
643630568794000000 58 1043
643630569791000000 58 1030
643630570840000000 58 1002
643630571788000000 58 967 944
643630572800000000 59 927
643630573789000000 59 925
643630574801000000 60 874
643630575801000000 60 854
643630576788000000 61 840
643630577787000000 62 866
643630578796000000 63 909
643630579788000000 64 979
643630580788000000 64 1027
643630581800000000 63 1012
643630582787000000 63 1031
643630583788000000 62 993
643630584790000000 62 973
643630585788000000 62 941
643630586787000000 62 942
643630587839000000 62 995
643630588788000000 62 1070
643630589800000000 62 1117
643630590789000000 61 1098
643630591788000000 60 1043
643630592787000000 60 984
643630593791000000 60 968
643630594787000000 61 890 870
643630595838000000 61 867
643630596791000000 62 866
643630597788000000 63 909
643630598788000000 63 976
643630599791000000 63 876
643630600788000000 64 815 762
643630601789000000 64
643630602789000000 65 789
643630603788000000 67 818
643630604788000000 67 1097 1083
643630605798000000 66 957
643630606788000000 65 901
643630607801000000 65 844
643630608790000000 66 797 783
643630609788000000 67 725
643630610791000000 70 709 683
643630611790000000 73 677
643630612788000000 75 706
643630613789000000 76 909
643630614788000000 76 1069
643630615788000000 72 1078
643630616788000000 71 1042
643630617788000000 69 1033
643630618788000000 68 983
643630619800000000 67 971
643630620840000000 67
643630621788000000 67 973
643630622789000000 66 1001
643630623795000000 66 1074
643630624788000000 65 1125
643630625796000000 64 1047
643630626788000000 63 1037
643630627787000000 63 1086
643630628837000000 62 1119
643630629788000000 61 1078
643630630788000000 61 1088
643630631795000000 60 1122
643630632788000000 59 1076
643630633789000000 59 1078
643630634793000000 59
643630635788000000 59 1037
643630636788000000 58 1018
643630637830000000 58 1138
643630638788000000 58 1151
643630639789000000 58 1109
643630640800000000 57 1102
643630641788000000 57 1101
643630642791000000 57 1038
643630643800000000 57 1027
643630644788000000 57 1009
643630645788000000 57 990
643630646838000000 57 995
643630647788000000 58 1041
643630648838000000 58 1054
643630649851000000 58 1026
643630650789000000 58 1054
643630651800000000 58 980
643630652790000000 58 962
643630653841000000 58 1007
643630654788000000 58 1075
643630655800000000 58 1097
643630656790000000 58 1027
643630657787000000 58 1015
643630658814000000 58 1049
643630659788000000 58 1019
643630660838000000 58 986
643630661815000000 58 1001
643630662788000000 58 991
643630663788000000 59 994
643630664821000000 59 970
643630665790000000 59
643630666788000000 59 968
643630667801000000 59 1050
643630668788000000 59 1189
643630669792000000 59 1094
643630670800000000 58 1082
643630671788000000 58 1064
643630672788000000 58 1054
643630673851000000 58 1062
643630674790000000 57 1040
643630675787000000 57 1012
643630676801000000 58 1008
643630677788000000 58 1014
643630678792000000 58 1046
643630679818000000 58 1021
643630680788000000 58 1119
643630681789000000 58 979
643630682791000000 58 965
643630683788000000 58 921
643630684788000000 59 981
643630685800000000 59 1028
643630686840000000 59 1028
643630687789000000 59 1000
643630688811000000 59 1040
643630689800000000 59 1088
643630690788000000 59
643630691838000000 59 1118
643630692788000000 58 1125
643630693800000000 58 1128
643630694801000000 57 1082
643630695788000000 57 1051
643630696788000000 57 1041
643630697801000000 57 1036
643630698841000000 57 1031
643630699788000000 57 1022
643630700800000000 57 1000
643630701788000000 58 995
643630702788000000 58 976
643630703851000000 58 992
643630704788000000 58 1013
643630705788000000 59 1001
643630706838000000 59 978
643630707788000000 59 963
643630708788000000 59 953
643630709801000000 60 961
643630710788000000 60 992
643630711788000000 60 956 931
643630712801000000 60 901
643630713788000000 61 944
643630714788000000 61 987
643630715800000000 61 1018
643630716788000000 61 1032
643630717788000000 61 1007
643630718801000000 61 985
643630719840000000 61 946
643630720838000000 61 945
643630721801000000 61 968
643630722788000000 61 967
643630723788000000 61 970
643630724801000000 61 964
643630725788000000 62 978
643630726788000000 62 1059
643630727815000000 61 1094
643630728788000000 61 1070
643630729788000000 60 1039
643630730800000000 60 975
643630731788000000 60 941
643630732788000000 60 911
643630733802000000 61 897
643630734788000000 61 905
643630735788000000 62 901
643630736840000000 62 936
643630737788000000 63 925
643630738788000000 63 944
643630739790000000 63 942
643630740788000000 63 1010 942
643630741800000000 63 889
643630742789000000 63 883
643630743799000000 63 909
643630744788000000 64 996
643630745790000000 64 1028
643630746840000000 63 987
643630747791000000 63 968
643630748790000000 63 961
643630749788000000 63 960
643630750788000000 63 1003
643630751790000000 63 983
643630752850000000 62 952
643630753788000000 62 942
643630754790000000 62 947
643630755788000000 63 992
643630756788000000 62 954
643630757790000000 63 917 808
643630758788000000 63 798
643630759788000000 64 771
643630760790000000 67 753 734
643630761788000000 68 718
643630762788000000 71 692 688
643630763791000000 73 688
643630764788000000 76 686 683
643630765788000000 77 686
643630766800000000 78 719
643630767788000000 79 783
643630768790000000 79 828
643630769840000000 78 918
643630770788000000 77 942
643630771788000000 76 1033
643630772788000000 72 1065
643630773788000000 71 1077
643630774788000000 69 996
643630775800000000 68 870
643630776788000000 68 879
643630777788000000 68 969
643630778788000000 68 1040
643630779788000000 67 915
643630780789000000 66 997 1002
643630781788000000 65 854
643630782788000000 65 855
643630783790000000 66 959
643630784790000000 66 831
643630785838000000 66 874
643630786801000000 66 975
643630787789000000 66 1048
643630788788000000 66 975
643630789801000000 65 1034
643630790788000000 65 1013
643630791788000000 64 996
643630792790000000 63 902
643630793788000000 63 909
643630794789000000 64 872 875
643630795815000000 65 829
643630796788000000 65 813
643630797788000000 66 819
643630798901000000 67 885
643630799840000000 67 1007
643630800789000000 67 1110
643630801814000000 66 1078
643630802840000000 65 1011
643630803790000000 64 866
643630804874000000 65 812 811
643630805788000000 66 829
643630806788000000 66
643630807838000000 66 893
643630808789000000 67 993
643630809788000000 66 1169
643630810801000000 65 1151
643630811788000000 64 1176
643630812790000000 63 1170
643630813797000000 63
643630814789000000 62 1123
643630815789000000 61 1171
643630816801000000 60 1167
643630817788000000 59 1165
643630818839000000 58 1157
643630819824000000 58 1103
643630820840000000 57 1071
643630821788000000 57 1081
643630822801000000 57 1058
643630823788000000 57 1072
643630824788000000 57
643630825838000000 57 1094
643630826788000000 57 1097
643630827788000000 56 1043
643630828801000000 56 1048
643630829788000000 56 1033
643630830788000000 57 1063
643630831915000000 57 1052
643630832841000000 57 1079
643630833789000000 57 1122
643630834822000000 56 1095
643630835841000000 56
643630836788000000 56 1170
643630837820000000 56 1248
643630838788000000 55 1186
643630839788000000 55 1169
643630840801000000 54 1143
643630841788000000 54 1102
643630842788000000 54 1047
643630843815000000 54 1004
643630844800000000 55 972
643630845788000000 55 902
643630846800000000 56 869
643630847788000000 57 899
643630848788000000 58 1034
643630849803000000 59 1130
643630850788000000 58 1106
643630851889000000 58 1135
643630852802000000 58 1132
643630853788000000 58
643630854788000000 57 1124
643630855993000000 57 1124
643630856788000000 56 1191
643630857788000000 56 1219
643630858849000000 55 1188
643630859789000000 55 1136
643630860788000000 55
643630861801000000 54 1113
643630862788000000 54 1082
643630863788000000 54 1153
643630864791000000 54 1137
643630865788000000 54 1050
643630866788000000 54 969
643630867838000000 55 944
643630868841000000 56 962
643630869788000000 56 975
643630870801000000 57 1028
643630871789000000 57 1047
643630872789000000 57 1062
643630873801000000 57 1063
643630874788000000 57 1092
643630875788000000 57 1089
643630876801000000 57
643630877789000000 57 1218
643630878789000000 56 1209
643630879808000000 56 1137
643630880788000000 55 1072
643630881890000000 55 1046
643630882816000000 55 1001
643630883789000000 56 1008
643630884839000000 56 997 973
643630885814000000 57 896
643630886788000000 58 876
643630887788000000 59 893
643630888814000000 60 953
643630889789000000 60
643630890801000000 60 1036
643630891801000000 60 1146
643630892788000000 60 1139
643630893788000000 59 1122
643630894807000000 58 1098
643630895790000000 58 1090
643630896801000000 58 1164
643630897816000000 58
643630898788000000 57 1213
643630899839000000 56 1188
643630900800000000 56 1127
643630901841000000 55 1089
643630902788000000 55 1042
643630903800000000 55 991
643630904801000000 56 962
643630905788000000 56 966
643630906800000000 57 1002
643630907788000000 57 979
643630908788000000 58 1003
643630909791000000 58 1051
643630910788000000 58 1120
643630911788000000 58 1155
643630912790000000 57 1164
643630913795000000 57 1122
643630914788000000 57
643630915789000000 56 1115
643630916788000000 56 1130
643630917838000000 56 1183
643630918790000000 55 1163
643630919788000000 55 1089
643630920788000000 55 1049
643630921791000000 55 1034
643630922788000000 55 1001
643630923788000000 56 1013
643630924789000000 56 1042
643630925788000000 56 997
643630926788000000 56 953
643630927799000000 57 977
643630928788000000 58 1008
643630929788000000 58 1050
643630930791000000 58 1149
643630931789000000 58
643630932789000000 58 1165
643630933791000000 57 1109
643630934841000000 57 1140
643630935788000000 56 1125
643630936790000000 56 1179
643630937789000000 56 1198
643630938788000000 55 1180
643630939789000000 55 1106
643630940788000000 54 1031
643630941788000000 55 938
643630942791000000 55 894
643630943788000000 56 876
643630944792000000 57 886
643630945790000000 58 954
643630946788000000 59 967
643630947788000000 59 967
643630948793000000 60 1013
643630949788000000 60 1048
643630950840000000 60 1025
643630951791000000 60 1036
643630952789000000 59 1012
643630953839000000 59 994
643630954800000000 59 1001
643630955788000000 59
643630956788000000 59 1139
643630957790000000 59 1189
643630958788000000 58 1155
643630959791000000 58 1131
643630960791000000 57 1081
643630961788000000 57 1026
643630962788000000 57 976
643630963790000000 57 972
643630964839000000 58 979
643630965788000000 58 1051
643630966791000000 58 1003
643630967840000000 58 1015
643630968789000000 58 1034
643630969790000000 58 1011
643630970788000000 58 1071
643630971788000000 58 1116
643630972790000000 58 1069
643630973788000000 58 1074
643630974788000000 58
643630975790000000 57 1088
643630976788000000 57 1175
643630977793000000 57 1245
643630978814000000 56 1233
643630979788000000 55 1185
643630980788000000 55 1103
643630981814000000 55 1059
643630982795000000 55 894
643630983788000000 57 852 802
643630984802000000 57
643630985788000000 58 849
643630986789000000 61 874 1067
643630987791000000 61 1032
643630988788000000 61 907
643630989788000000 61 961
643630990790000000 61 1039
643630991789000000 61 998
643630992788000000 61 889
643630993791000000 61 876
643630994788000000 62 861
643630995788000000 63 823 823
643630996800000000 64 845
643630997788000000 65 893
643630998789000000 65 880
643630999791000000 66 791 806
643631000841000000 67 767
643631001788000000 68 751
643631002790000000 70 733 698
643631003789000000 72 668
643631004788000000 75 688 682
643631005801000000 76 701
643631006789000000 78 687 671
643631007838000000 79 664
643631008791000000 81 682 667
643631009789000000 82 658
643631010788000000 84 652 646
643631011792000000 86 633 621
643631012789000000 87 618
643631013788000000 90 610 599
643631014801000000 93 588 581
643631015789000000 94 577
643631016788000000 98 567 566
643631017790000000 100 568 571
643631018788000000 101 579
643631019790000000 102 618
643631020794000000 102 752
643631021789000000 97 930
643631022788000000 88 858
643631023788000000 81 965
643631024789000000 76 1066
643631025789000000 72 1086
643631026791000000 68 1091
643631027788000000 67 1014
643631028838000000 66 1041
643631029792000000 65 999
643631030789000000 65 911
643631031788000000 65 932
643631032788000000 65 909
643631033840000000 65 862
643631034788000000 65 891
643631035789000000 65 961
643631036788000000 65 1046
643631037838000000 65 950
643631038789000000 64 1033
643631039788000000 64 1098
643631040789000000 63 1078
643631041788000000 62 1007 965
643631042791000000 62 895
643631043802000000 62 805
643631044789000000 63 805
643631045788000000 64 813
643631046801000000 65 1062
643631047789000000 65 1097
643631048789000000 65
643631049791000000 64 922
643631050789000000 64 1270
643631051791000000 63 1146
643631052788000000 62 1221
643631053789000000 60 1140 983
643631054788000000 59 813
643631055789000000 60 786
643631056789000000 64 700 721
643631057789000000 66 672
643631058802000000 70 663 654
643631059789000000 76 649 646
643631060788000000 81 643
643631061788000000 83 637 622
643631062789000000 85 651
643631063891000000 87 621 625
643631064788000000 88 617
643631065791000000 91 610 639
643631066838000000 91 664
643631067802000000 92 714
643631068788000000 89 817 791
643631069892000000 87 796
643631070792000000 85 792
643631071789000000 84 838
643631072790000000 82 817 731
643631073791000000 81 706
643631074791000000 82 678 673
643631075789000000 83 649
643631076801000000 85 675 752
643631077788000000 85 765
643631078789000000 84 736
643631079793000000 83 754 780
643631080792000000 83 729
643631081790000000 82 757
643631082791000000 82 778 724
643631083789000000 81 741
643631084788000000 81 743
643631085801000000 82 716 688
643631086789000000 82 706
643631087789000000 83 705 647
643631088803000000 83 702
643631089789000000 84 679 690
643631090788000000 85 707
643631091803000000 85 704
643631092788000000 85 752 758
643631093788000000 84 710
643631094799000000 84 744
643631095790000000 83 729 720
643631096890000000 83 696
643631097849000000 84 683 681
643631098790000000 85 662 639
643631099851000000 86 650
643631100792000000 87 663
643631101789000000 87 696
643631102789000000 88 772
643631103802000000 87 899
643631104789000000 80 945 854
643631105789000000 79 856
643631106839000000 78 897
643631107789000000 76 848 780
643631108789000000 76 702
643631109801000000 78 681 659
643631110840000000 83 628 608
643631111839000000 84 597
643631112791000000 91 585 588
643631113789000000 95 571 568
643631114789000000 99 557 561
643631115790000000 100 561
643631116891000000 103 560 555
643631117789000000 105 537 548
643631118840000000 107 544 536
643631119790000000 108 539 540
643631120796000000 110 532 531
643631121790000000 111 530 522
643631122790000000 112 530 523
643631123789000000 113 516 519
643631124790000000 114 509 521
643631125789000000 115 426
643631126789000000 117 583 496 508
643631127790000000 118 491 501
643631128789000000 119 490 494
643631129890000000 120 479 493
643631130790000000 121 479 487
643631131789000000 122 475 476
643631132839000000 124 475 471
643631133790000000 125 479 463
643631134839000000 126 467 477
643631135789000000 127 457 466
643631136790000000 128 470 452 468
643631137789000000 129 464 455
643631138793000000 129 465 458
643631139790000000 130 454 466
643631140789000000 130 452 453
643631141789000000 131 461 450 450
643631142790000000 132 454 451
643631143800000000 132 452 456
643631144789000000 132 453 447
643631145791000000 133 454 444 445
643631146789000000 133 450 449
643631147789000000 134 438 449
643631148790000000 134 453 436
643631149841000000 134 447 450 447
643631150789000000 134 439 439
643631151790000000 135 445 449
643631152801000000 135 435 442
643631153789000000 135 444 443
643631154791000000 136 436 441 450
643631155790000000 136 436 441
643631156789000000 136 442 442
643631157790000000 136 434 441 445
643631158789000000 136 436 439
643631159802000000 136 444 436
643631160790000000 136 438 441
643631161789000000 137 437 438 441
643631162789000000 136 440 430
643631163790000000 137 430 437
643631164839000000 138 435 439 434
643631165839000000 138 427 437
643631166790000000 138 435 435
643631167788000000 138 429 432 435
643631168788000000 138 434 427
643631169798000000 139 435 435
643631170789000000 139 427 432 431
643631171788000000 139 431 429
643631172839000000 139 428 432
643631173789000000 140 432 424 427
643631174789000000 140 429 429
643631175802000000 140 425 424
643631176789000000 141 423 424 427
643631177788000000 141 426 426
643631178816000000 141 421 420
643631179790000000 142 421 422 424
643631180791000000 142 424 422
643631181802000000 142 418 423 424
643631182841000000 142 425 427
643631183789000000 142 417 425
643631184802000000 142 425 428 421
643631185789000000 142 422 424
643631186789000000 142 426 421
643631187800000000 142 423 423 423
643631188789000000 142 422 421
643631189790000000 142 423 420
643631190802000000 142 424 418 416
643631191789000000 143 421 420
643631192789000000 143 415 417 414
643631193838000000 144 417 416
643631194789000000 144 420 412
643631195801000000 144 412 415 413
643631196792000000 145 413 413
643631197789000000 145 411 412 414
643631198890000000 145 414 408
643631199801000000 146 410 411 412
643631200789000000 146 410 410
643631201792000000 146 410 407
643631202801000000 146 411 409 408
643631203789000000 146 413 409
643631204789000000 147 407 406 413
643631205800000000 146 410 413
643631206789000000 146 411 409 406
643631207789000000 147 409 410
643631208840000000 147 412 405 410
643631209790000000 147 405 409
643631210789000000 147 411 409
643631211802000000 147 407 405 407
643631212789000000 147 407 407
643631213789000000 147 407 406 404
643631214801000000 148 404 407
643631215840000000 148 406 406 408
643631216839000000 148 402 403
643631217805000000 148 406 402 404
643631218841000000 148 404 406
643631219789000000 148 406 402 405
643631220792000000 148 401 405
643631221789000000 148 405 406 401
643631222789000000 149 401 405
643631223789000000 149 403 402 401
643631224789000000 149 402 400
643631225789000000 149 400 401 400
643631226789000000 149 403 401
643631227789000000 150 399 400 400
643631228790000000 150 401 401
643631229789000000 150 401 401 400
643631230790000000 150 400 400
643631231840000000 150 402 403 400
643631232789000000 149 402 399
643631233791000000 149 402 401
643631234789000000 149 404 403 401
643631235838000000 149 404 401 404
643631236790000000 149 403 406
643631237789000000 149 404 403
643631238789000000 149 405 404 403
643631239790000000 148 406 408
643631240789000000 148 402 403 404
643631241789000000 149 402 404
643631242791000000 148 407 406 403
643631243789000000 148 400 406
643631244800000000 148 406 403 408
643631245790000000 148 405 403
643631246790000000 148 406 407 405
643631247789000000 148 406 406
643631248840000000 148 404 404
643631249791000000 148 405 409 408
643631250789000000 148 402 406 403
643631251791000000 148 404 406
643631252789000000 148 409 402
643631253839000000 148 402 404 405
643631254791000000 148 402 408
643631255789000000 148 405 403 401
643631256789000000 149 406 407
643631257790000000 148 401 408 407
643631258790000000 148 402 403
643631259801000000 148 407 406 400
643631260790000000 148 410 406
643631261789000000 148 401 407 402
643631262797000000 148 405 405
643631263802000000 148 405 407 401
643631264841000000 148 400 404
643631265839000000 149 404 400 409
643631266851000000 148 407 401
643631267791000000 149 401 405
643631268802000000 149 404 403 408
643631269792000000 148 404 402
643631270791000000 148 403 406 406
643631271789000000 148 402 404
643631272839000000 148 403 403 403
643631273789000000 148 408 402
643631274789000000 149 401 403 401
643631275802000000 149 401 405
643631276797000000 149 406 398 398
643631277789000000 149 402 399
643631278803000000 149 400 403 399
643631279789000000 150 398 397
643631280789000000 150 400 401 399
643631281852000000 150 403 400
643631282789000000 150 397 398 402
643631283789000000 150 402 399
643631284801000000 150 399 399 396
643631285789000000 150 401 401
643631286790000000 150 400 400 402
643631287802000000 150 397 396
643631288789000000 150 401 401 400
643631289789000000 150 399 406
643631290790000000 150 403 396 400
643631291789000000 150 399 400
643631292789000000 150 399 403 401
643631293789000000 150 400 402
643631294789000000 149 405 401 400
643631295789000000 149 402 401
643631296789000000 149 400 406 407
643631297841000000 149 399 401
643631298789000000 149 404 403 403
643631299790000000 149 402 405
643631300795000000 149 400 403 407
643631301790000000 149 408 403
643631302789000000 148 406 407 401
643631303791000000 148 406 408
643631304789000000 148 407 404 405
643631305789000000 148 404 401
643631306790000000 148 406 408
643631307789000000 148 403 400 405
643631308801000000 148 405 401
643631309791000000 148 407 405 403
643631310789000000 148 403 406
643631311789000000 148 407 403 404
643631312790000000 148 404 407
643631313790000000 148 408 403 408
643631314839000000 148 404 404
643631315790000000 148 402 406 403
643631316789000000 148 407 405
643631317839000000 148 403 402 405
643631318790000000 148 408 406
643631319789000000 148 405 402 402
643631320789000000 148 408 407
643631321790000000 148 404 404
643631322789000000 148 405 403 404
643631323789000000 148 409 407
643631324815000000 148 404 406 403
643631325789000000 148 404 407
643631326789000000 148 409 402 402
643631327801000000 148 406 404
643631328789000000 148 403 409 406
643631329789000000 148 401 403
643631330842000000 148 409 407 404
643631331789000000 148 406 405
643631332789000000 148 404 407 409
643631333801000000 148 404 403
643631334789000000 148 408 407 404
643631335789000000 148 407 403
643631336889000000 148 402 404 408
643631337789000000 148 406 402
643631338789000000 148 405 401
643631339789000000 149 403 403 407
643631340789000000 148 406 401
643631341789000000 149 402 402 401
643631342789000000 149 405 405
643631343789000000 149 403 400 402
643631344790000000 149 402 398
643631345800000000 149 405 401 396
643631346789000000 150 399 403
643631347839000000 150 401 398 406
643631348789000000 149 401 396
643631349789000000 150 399 400 399
643631350789000000 150 399 403
643631351789000000 150 403 396 396
643631352791000000 150 400 397
643631353789000000 150 398 398 402
643631354839000000 150 397 401
643631355790000000 150 398 396 392
643631356789000000 151 398 402
643631357789000000 150 402 400 403
643631358790000000 150 401 391
643631359790000000 150 401 398 400
643631360789000000 150 401 403
643631361791000000 150 401 393 399
643631362789000000 150 401 402
643631363839000000 150 401 405 404
643631364791000000 150 396 399
643631365789000000 150 399 400 402
643631366789000000 150 405 405
643631367791000000 149 402 399 399
643631368790000000 150 402 402
643631369789000000 149 403 407 405
643631370790000000 149 403 400
643631371789000000 149 403 404 406
643631372839000000 149 407 405
643631373801000000 148 405 402 403
643631374789000000 148 404 408
643631375789000000 148 408 409 408
643631376802000000 148 407 404
643631377800000000 148 404 406 407
643631378789000000 148 410 407
643631379801000000 147 407 406
643631380841000000 147 407 410 409
643631381789000000 147 412 410
643631382793000000 147 408 410 406
643631383841000000 147 412 412
643631384789000000 146 408 411 410
643631385789000000 146 412 411
643631386789000000 146 417 416
643631387789000000 146 404 411 414
643631388789000000 146 417 418
643631389790000000 145 412 413 412
643631390789000000 145 421 418
643631391790000000 145 411 410
643631392792000000 145 412 414 413
643631393890000000 145 413 408
643631394790000000 146 409 413 413
643631395789000000 146 412 409
643631396789000000 146 408 409 410
643631397790000000 146 409 413
643631398791000000 146 410 404 410
643631399789000000 146 411 409
643631400890000000 146 408 410
643631401791000000 147 402 401 408
643631402789000000 147 409 406
643631403789000000 147 406 406 400
643631404790000000 148 401 407
643631405789000000 148 406 404 408
643631406790000000 148 402 401
643631407791000000 148 404 407 406
643631408789000000 148 404 401
643631409789000000 149 403 403 407
643631410802000000 148 407 405
643631411789000000 148 402 404 402
643631412789000000 149 402 404
643631413852000000 148 406 403 400
643631414791000000 149 403 401
643631415789000000 149 404 404 405
643631416796000000 149 400 399
643631417841000000 149 405 402 402
643631418789000000 149 403 401
643631419801000000 150 395 400 405
643631420789000000 149 402 401
643631421839000000 149 400 399 399
643631422799000000 150 402 403
643631423789000000 149 401 402 398
643631424790000000 150 401 398
643631425789000000 150 403 403
643631426789000000 150 399 398 401
643631427789000000 150 400 400 400
643631428789000000 150 403 403
643631429789000000 150 396 402
643631430791000000 150 400 401 399
643631431789000000 150 402 396
643631432789000000 150 395 401 400
643631433824000000 150 398 400 400
643631434802000000 150 392 396
643631435791000000 151 400 397 397
643631436794000000 151 398 393
643631437801000000 151 396 391 401
643631438791000000 151 396 396
643631439789000000 152 396 393 389
643631440789000000 152 394 398
643631441791000000 152 394 395 397
643631442789000000 152 394 395
643631443789000000 152 396 401 401
643631444791000000 151 399 397
643631445789000000 151 398 400 401
643631446889000000 150 405 404
643631447791000000 149 404 399 403
643631448789000000 149 401 404
643631449802000000 149 404 405 402
643631450791000000 149 400 403
643631451789000000 149 404 402 407
643631452789000000 149 402 399
643631453790000000 149 403 400 405
643631454789000000 149 403 406
643631455801000000 149 399 400 401
643631456791000000 149 400 401
643631457789000000 149 402 403 397
643631458789000000 150 400 401
643631459791000000 149 399 405 402
643631460791000000 149 400 400
643631461789000000 149 402 404 403
643631462791000000 149 403 399
643631463789000000 149 400 402
643631464789000000 149 403 405 403
643631465790000000 149 400 401
643631466789000000 149 399 401 403
643631467789000000 149 404 402
643631468801000000 149 400 399 401
643631469791000000 149 402 404
643631470789000000 149 404 403 400
643631471800000000 149 400 398
643631472789000000 149 400 402 404
643631473839000000 149 402 397
643631474842000000 149 405 398 404
643631475789000000 149 403 403
643631476789000000 149 401 398 401
643631477802000000 150 399 402
643631478791000000 149 403 404 403
643631479839000000 149 399 403
643631480801000000 149 399 403 403
643631481789000000 149 404 403
643631482790000000 149 397 402 401
643631483801000000 149 402 402
643631484789000000 149 405 403 399
643631485789000000 149 403 402
643631486801000000 149 403 401 403
643631487789000000 149 395 398
643631488789000000 149 403 406 401
643631489789000000 149 399 402
643631490789000000 149 405 402 406
643631491789000000 149 398 396
643631492791000000 149 405 405 404
643631493789000000 149 403 401
643631494789000000 150 395 400 404
643631495789000000 149 403 402
643631496791000000 149 402 396 395
643631497789000000 150 399 402
643631498789000000 150 402 398 396
643631499790000000 150 398 399
643631500790000000 150 397 402 398
643631501789000000 151 392 400
643631502791000000 151 396 396 397
643631503790000000 151 400 393
643631504791000000 151 395 399 400
643631505790000000 151 399 395
643631506789000000 151 396 397 401
643631507789000000 151 400 401
643631508791000000 151 394 400 398
643631509789000000 150 399 398
643631510796000000 151 402 393 396
643631511790000000 151 399 403
643631512841000000 150 398 400 396
643631513789000000 151 395 399
643631514791000000 150 401 402 398
643631515790000000 150 396 398
643631516802000000 150 398 401 402
643631517790000000 150 400 395
643631518789000000 150 401 397 398
643631519791000000 151 397 401
643631520791000000 151 395 393 399
643631521790000000 151 399 398
643631522789000000 151 400 400 392
643631523791000000 151 396 401
643631524801000000 150 401 399 396
643631525789000000 151 395 396
643631526791000000 151 397 398 398
643631527789000000 151 396 394 396
643631528789000000 151 396 396
643631529840000000 151 398 395 394
643631530789000000 152 395 396
643631531789000000 152 394 394 396
643631532801000000 152 396 391
643631533789000000 152 396 394 396
643631534789000000 152 396 399
643631535802000000 152 390 396 396
643631536789000000 152 396 398
643631537789000000 151 399 396 393
643631538802000000 152 395 399
643631539789000000 151 397 396 395
643631540789000000 152 393 391
643631541789000000 152 396 398 400
643631542789000000 152 394 395
643631543789000000 152 389 392 391
643631544789000000 152 397 396
643631545843000000 152 394 394 392
643631546790000000 153 384 391 394
643631547791000000 153 393 395
643631548790000000 153 394 398 395
643631549789000000 152 391 396
643631550789000000 152 393 397 397
643631551791000000 152 396 396
643631552789000000 152 392 396 394
643631553789000000 152 398 396
643631554791000000 152 398 394 394
643631555789000000 152 394 399
643631556839000000 152 396 396 398
643631557791000000 152 391 390
643631558789000000 152 398 397 394
643631559789000000 152 396 396 386
643631560791000000 152 395 396
643631561791000000 152 396 393 396
643631562839000000 152 396 391
643631563791000000 152 390 395 392
643631564789000000 153 391 392
643631565800000000 152 396 396 396
643631566791000000 152 387 390
643631567789000000 153 394 394 397
643631568789000000 152 396 396
643631569791000000 152 397 393 387
643631570791000000 153 396 394
643631571797000000 152 396 396 400
643631572791000000 152 398 392 392
643631573790000000 152 393 393
643631574789000000 152 395 400 400
643631575793000000 151 402 396
643631576843000000 151 403 397 397
643631577789000000 151 396 395
643631578852000000 151 394 399 402
643631579790000000 151 401 404
643631580793000000 150 404 399 393
643631581802000000 151 398 404
643631582789000000 150 404 402 403
643631583790000000 150 399 396
643631584801000000 150 397 403 402
643631585789000000 150 402 402
643631586789000000 150 402 393 398
643631587802000000 150 402 405
643631588789000000 150 399 399 399
643631589789000000 150 393 396
643631590790000000 150 403 399 396
643631591789000000 150 400 396
643631592789000000 151 394 394 400
643631593789000000 151 402 404
643631594790000000 151 396 392 391
643631595840000000 151 397 400
643631596789000000 151 400 402 403
643631597791000000 150 398 396
643631598789000000 151 397 397 396
643631599789000000 151 400 400
643631600791000000 150 404 407 406
643631601789000000 149 409 406
643631602800000000 149 405 400 405
643631603791000000 149 401 401
643631604789000000 149 405 407
643631605789000000 148 409 409 410
643631606791000000 147 408 410
643631607790000000 148 401 406 402
643631608789000000 148 401 407
643631609791000000 148 410 408 407
643631610789000000 147 409 407
643631611839000000 148 404 400 404
643631612791000000 148 403 407
643631613790000000 148 404 408 407
643631614789000000 148 409 408
643631615791000000 147 408 408 410
643631616789000000 147 409 413
643631617789000000 147 404 400
643631618791000000 148 407 404 405
643631619789000000 148 406 414
643631620839000000 148 407 400 412
643631621791000000 147 410 406
643631622789000000 148 402 402 404
643631623789000000 148 404 414
643631624791000000 148 409 401 407
643631625841000000 148 408 407
643631626789000000 147 408 411 402
643631627802000000 148 403 408
643631628841000000 147 410 410 410
643631629789000000 147 402 402
643631630801000000 148 404 407
643631631790000000 147 415 408 406
643631632789000000 147 405 407
643631633802000000 147 407 413 415
643631634802000000 146 409 408
643631635789000000 147 405 414 410
643631636802000000 146 415 408
643631637789000000 147 401 409 410
643631638790000000 147 410 411
643631639791000000 146 413 402
643631640789000000 147 401 410 404
643631641789000000 147 406 405
643631642789000000 147 410 407 398
643631643801000000 148 404 408
643631644840000000 148 406 404 409
643631645790000000 148 398 400
643631646790000000 148 407 408 405
643631647789000000 148 404 401
643631648802000000 149 400 402 404
643631649791000000 149 406 405
643631650789000000 148 406 403 399
643631651790000000 149 396 397
643631652791000000 150 399 403 402
643631653789000000 150 398 397
643631654789000000 150 396 397 401
643631655791000000 150 406 401
643631656789000000 150 397 395 400
643631657791000000 150 402 402
643631658791000000 150 403 399 397
643631659790000000 150 398 399
643631660789000000 150 404 404 396
643631661841000000 150 400 401
643631662789000000 150 403 401 405
643631663789000000 149 401 396
643631664791000000 150 402 405 401
643631665790000000 149 399 403
643631666789000000 150 394 398 405
643631667791000000 150 403 399
643631668790000000 150 401 403 393
643631669789000000 150 396 402
643631670802000000 150 399 399 401
643631671791000000 150 404 392
643631672789000000 150 396 403 399
643631673802000000 150 400 400
643631674790000000 150 402 395 399
643631675789000000 150 405 403
643631676789000000 150 400 397 393
643631677841000000 151 396 397
643631678790000000 150 405 403 403
643631679789000000 150 397 395
643631680792000000 151 394 399 401
643631681789000000 150 402 403
643631682790000000 150 400 397 393
643631683791000000 151 398 403
643631684789000000 150 401 401 400
643631685790000000 150 401 396
643631686791000000 150 397 400 402
643631687790000000 150 403 405
643631688789000000 150 403 396 399
643631689791000000 150 400 402
643631690790000000 150 400 402 405
643631691789000000 149 401 396
643631692791000000 149 403 402 403
643631693790000000 149 403 408
643631694841000000 149 406 397
643631695791000000 149 403 399 404
643631696790000000 149 403 406
643631697802000000 149 406 400 404
643631698791000000 149 403 403
643631699790000000 148 407 411 408
643631700790000000 148 407 406
643631701791000000 148 401 404 406
643631702790000000 148 408 409
643631703839000000 148 407 404 400
643631704792000000 148 405 406
643631705790000000 148 414 403 402
643631706789000000 148 401 402
643631707890000000 148 408 412 403
643631708790000000 148 399 404
643631709790000000 148 410 409 405
643631710850000000 148 403 402
643631711790000000 148 401 402
643631712801000000 148 408 404 397
643631713802000000 149 404 402
643631714790000000 149 402 405 407
643631715790000000 149 400 395
643631716789000000 150 396 405 407
643631717790000000 149 406 406
643631718790000000 149 401 404 402
643631719790000000 149 398 392
643631720789000000 150 399 394 398
643631721839000000 150 401 400
643631722803000000 150 401 404 407
643631723792000000 149 400 405
643631724789000000 150 400 396 399
643631725789000000 150 399 400
643631726792000000 149 404 405 402
643631727841000000 149 403 405
643631728789000000 148 407 408 407
643631729791000000 148 396 400
643631730789000000 149 403 400 400
643631731789000000 149 403 406
643631732792000000 150 396 396 399
643631733789000000 150 399 397
643631734790000000 150 397 405 403
643631735791000000 149 406 408
643631736789000000 149 405 403 404
643631737789000000 149 400 394
643631738792000000 150 398 398 404
643631739789000000 149 405 405
643631740789000000 149 401 396 396
643631741791000000 150 397 403
643631742790000000 149 407 408 399
643631743839000000 149 402 401
643631744803000000 149 400 408 407
643631745790000000 148 408 402
643631746790000000 149 400 401 399
643631747802000000 149 404 404
643631748790000000 149 407 400 397
643631749792000000 149 397 397
643631750789000000 150 400 404 406
643631751789000000 149 403 404
643631752790000000 150 395 396 400
643631753792000000 150 400 403
643631754789000000 150 401 405
643631755789000000 149 402 396 398
643631756790000000 150 398 396 398
643631757793000000 150 403 404
643631758792000000 149 406 404 401
643631759789000000 149 396 396
643631760841000000 150 400 402
643631761790000000 149 407 402 398
643631762790000000 150 399 402
643631763792000000 149 405 408 403
643631764789000000 149 398 402
643631765789000000 149 399 403 404
643631766792000000 149 408 411
643631767790000000 148 406 406 405
643631768790000000 148 405 403
643631769792000000 148 408 406 411
643631770790000000 147 411 411
643631771789000000 147 408 407 406
643631772791000000 147 416 416
643631773790000000 146 413 416
643631774790000000 146 408 410 407
643631775803000000 146 405 412
643631776842000000 146 411 412 419
643631777791000000 145 417 409
643631778802000000 146 410 409 410
643631779790000000 146 415 412
643631780790000000 146 409 409
643631781789000000 146 413 414 406
643631782842000000 146 406 413
643631783840000000 146 413 408 407
643631784789000000 146 409 408
643631785790000000 146 410 409 402
643631786790000000 147 405 410
643631787790000000 147 413 408 401
643631788792000000 147 403 403
643631789789000000 148 411 410
643631790840000000 148 404 401 408
643631791791000000 147 413 406
643631792790000000 148 403 401 403
643631793840000000 148 407 410
643631794792000000 147 411 407 408
643631795790000000 147 405 409
643631796803000000 147 412 399 407
643631797792000000 147 408 402
643631798790000000 148 408 401 408
643631799789000000 148 404 402
643631800792000000 148 409 403 401
643631801790000000 148 407 410
643631802790000000 148 409 400 406
643631803792000000 148 404 399
643631804792000000 149 403 399 393
643631805790000000 150 396 399
643631806793000000 150 401 396 395
643631807790000000 151 387 389
643631808790000000 152 393 396 396
643631809792000000 152 391 389
643631810792000000 154 386 382 388
643631811791000000 154 390 391
643631812792000000 154 386 384 383
643631813792000000 156 381 383 388
643631814790000000 155 387 383
643631815803000000 156 388 383 378
643631816790000000 158 374 373 380
643631817791000000 158 380 385
643631818801000000 157 385 386 376
643631819790000000 158 374 376 374
643631820790000000 159 377 378
643631821790000000 159 376 378 375
643631822802000000 159 373 376 369
643631823790000000 160 374 373
643631824802000000 161 370 375 373
643631825791000000 160 375 379 379
643631826840000000 160 378 380
643631827791000000 159 379 378 377
643631828792000000 159 376 381
643631829840000000 158 381 383 388
643631830790000000 157 385 386 385
643631831790000000 157 385 380
643631832790000000 157 384 384 385
643631833790000000 156 387 387
643631834792000000 155 391 389 390
643631835790000000 155 388 385
643631836792000000 155 389 388 392
643631837791000000 154 391 392 389
643631838790000000 154 390 387
643631839790000000 154 388 387 389
643631840792000000 154 394 391
643631841790000000 154 390 386 387
643631842790000000 154 388 390 391
643631843792000000 154 392 389
643631844790000000 154 386 389 390
643631845792000000 154 392 393
643631846802000000 154 389 385 394
643631847790000000 154 395 391
643631848790000000 154 394 387 384
643631849839000000 154 390 393
643631850790000000 153 397 392 389
643631851790000000 154 388 390 394
643631852802000000 153 394 396
643631853790000000 153 392 389 391
643631854790000000 153 390 395
643631855790000000 153 396 396 392
643631856790000000 153 390 388
643631857790000000 153 391 395 396
643631858790000000 153 398 395
643631859842000000 152 392 393 394
643631860790000000 152 396 398
643631861790000000 152 395 389 396
643631862792000000 152 397 394 396
643631863790000000 152 398 397
643631864790000000 152 396 391 395
643631865792000000 152 394 395
643631866790000000 151 399 403 397
643631867790000000 151 399 400
643631868792000000 151 396 395 402
643631869790000000 150 403 402
643631870790000000 150 402 405 405
643631871792000000 149 398 403
643631872790000000 149 401 404 402
643631873803000000 149 407 401
643631874792000000 150 396 394 396
643631875790000000 150 400 399
643631876790000000 150 403 403 398
643631877792000000 150 396 394
643631878842000000 151 392 396 399
643631879853000000 151 401 400
643631880800000000 150 398 405 406
643631881791000000 149 401 398
643631882790000000 150 397 398
643631883804000000 150 405 403 407
643631884790000000 149 402 401 397
643631885794000000 150 400 403 404
643631886790000000 149 403
643631887790000000 149 399 402 402
643631888791000000 149 399 400
643631889790000000 149 402 402 399
643631890793000000 150 399 398
643631891791000000 150 397 399 405
643631892840000000 149 409 405
643631893792000000 149 407 405 402
643631894790000000 149 403 407
643631895840000000 148 412 400 410
643631896792000000 148 409 406
643631897790000000 148 402 403 401
643631898790000000 148 405 407
643631899792000000 148 408 402 405
643631900800000000 148 402 401
643631901790000000 148 402 407 403
643631902792000000 149 395 405
643631903791000000 149 405 402 402
643631904792000000 149 406 402
643631905792000000 149 396 403 401
643631906790000000 149 403 404
643631907790000000 149 404 408
643631908792000000 149 406 399 398
643631909802000000 149 401 407
643631910790000000 148 406 411 401
643631911802000000 148 406 408
643631912790000000 148 405 404 406
643631913790000000 148 402 402
643631914803000000 148 405 411 406
643631915790000000 148 408 411
643631916790000000 147 408 403 408
643631917790000000 147 411 408
643631918790000000 147 409 408 402
643631919790000000 148 402 411
643631920790000000 147 413 405 403
643631921790000000 148 401 399
643631922790000000 148 403 404
643631923792000000 149 403 394 400
643631924792000000 149 400 398 397
643631925841000000 150 400 390
643631926791000000 151 395 401 400
643631927793000000 151 397 397
643631928792000000 151 396 395 399
643631929790000000 151 399 398
643631930793000000 151 396 395 396
643631931791000000 151 398 396
643631932790000000 151 401 394 390
643631933792000000 152 398 396
643631934790000000 151 398 397 396
643631935790000000 152 386 394
643631936844000000 152 396 402 393
643631937792000000 152 395 397
643631938790000000 153 387 391 397
643631939792000000 152 397 395
643631940790000000 152 396 399 391
643631941798000000 152 391 397
643631942843000000 152 399 396 396
643631943790000000 152 399 394 393
643631944790000000 152 398 399
643631945793000000 151 397 396 394
643631946793000000 152 391 395
643631947790000000 151 398 402 396
643631948803000000 151 391 395
643631949791000000 152 395 396 398
643631950791000000 151 400 394
643631951803000000 152 394 394 394
643631952790000000 152 397 398
643631953790000000 151 401 396 391
643631954790000000 152 395 394
643631955790000000 152 397 400 398
643631956790000000 151 396 392
643631957790000000 152 396 395 397
643631958842000000 152 396 397
643631959790000000 152 396 392 394
643631960790000000 152 395 398
643631961793000000 151 397 399 392
643631962790000000 152 394 393 393
643631963790000000 152 397 396
643631964792000000 152 398 396 392
643631965790000000 152 393 395
643631966790000000 152 396 396 398
643631967792000000 152 393 392
643631968790000000 152 393 396 398
643631969792000000 152 401 399
643631970792000000 151 396 399 403
643631971790000000 150 398 394
643631972790000000 151 400 398 396
643631973792000000 151 403 399
643631974790000000 151 401 393 397
643631975840000000 151 397 397
643631976792000000 151 396 399 393
643631977790000000 151 392 400
643631978840000000 151 401 395 397
643631979793000000 151 395 396
643631980790000000 151 396 402 405
643631981790000000 150 400 396
643631982804000000 150 399 399 397
643631983790000000 150 403 404
643631984790000000 150 400 398 400
643631985790000000 150 401 404
643631986790000000 149 403 408 401
643631987803000000 149 395 396
643631988790000000 150 397 402 403
643631989842000000 150 404 399
643631990790000000 150 395 396 397
643631991840000000 150 403 404
643631992793000000 150 404 398 400
643631993790000000 150 399 401
643631994790000000 149 402 407 399
643631995792000000 149 399 405
643631996790000000 149 409 401 402
643631997790000000 149 399 397
643631998792000000 150 399 403 410
643631999790000000 149 400 400
643632000790000000 149 400 400 399
643632001792000000 150 403 408
643632002790000000 149 397 400 403
643632003790000000 149 400 401
643632004792000000 149 404 396 396
643632005790000000 150 400 405
643632006790000000 150 394 399 396
643632007793000000 151 390 394
643632008842000000 151 397 398 395
643632009790000000 151 394 400
643632010793000000 151 402 396 395
643632011790000000 151 396 397
643632012790000000 151 396 400 407
643632013803000000 150 405 400
643632014790000000 150 396 396 404
643632015793000000 150 404 404
643632016803000000 150 397 401 397
643632017790000000 150 402 403
643632018792000000 149 404 399 400
643632019802000000 149 406 409
643632020791000000 149 404 401 401
643632021790000000 149 405 405
643632022790000000 148 408 403 402
643632023793000000 149 403 409
643632024843000000 148 402 406 402
643632025840000000 149 400 398
643632026793000000 149 411 410
643632027790000000 148 406 410 408
643632028798000000 148 401 404
643632029793000000 148 407 406 407
643632030792000000 148 406 410
643632031790000000 147 409 401 408
643632032793000000 147 408 409
643632033790000000 147 411 411 404
643632034790000000 147 405 412
643632035843000000 146 414 412 406
643632036790000000 147 409 406
643632037790000000 147 411 414
643632038794000000 146 410 407 410
643632039790000000 147 407 409
643632040790000000 147 406 411 405
643632041894000000 147 405 406
643632042790000000 147 410 412 406
643632043790000000 147 402 404
643632044793000000 148 403 408 409
643632045791000000 148 401 402
643632046790000000 149 399 399 403
643632047804000000 149 408 412
643632048790000000 148 409 408 406
643632049791000000 148 407 405
643632050903000000 147 412 415
643632051790000000 147 407 408 410
643632052791000000 147 408 410
643632053790000000 146 410 417 414
643632054792000000 146 418 409
643632055790000000 146 401 411 408
643632056802000000 146 409 411
643632057843000000 146 417 410
643632058790000000 146 405 409 408
643632059790000000 146 415 415
643632060791000000 146 412 416 412
643632061790000000 145 414 410
643632062790000000 146 410 411 413
643632063793000000 146 414 418
643632064790000000 145 418 418
643632065840000000 145 408 406 408
643632066793000000 146 415 418
643632067792000000 145 413 410 410
643632068791000000 146 411 420
643632069793000000 145 420 407
643632070793000000 145 413 412 414
643632071841000000 145 415 417
643632072792000000 145 405 415 415
643632073790000000 145 409 417
643632074841000000 145 412 408 407
643632075803000000 146 414 420
643632076790000000 145 413 409
643632077790000000 146 408 409 419
643632078840000000 145 412 413
643632079793000000 146 410 409 409
643632080790000000 146 412 415
643632081790000000 145 417 416
643632082841000000 145 411 419 418
643632083791000000 145 407 413
643632084792000000 145 416 414 415
643632085793000000 145 411 412
643632086790000000 145 411 418 417
643632087791000000 145 415 413
643632088793000000 145 411 413
643632089791000000 145 413 418 421
643632090841000000 144 416 419
643632091792000000 144 417 414 411
643632092793000000 144 416 418
643632093790000000 144 416 413 410
643632094793000000 145 407 411
643632095791000000 145 416 414
643632096790000000 145 413 415 415
643632097793000000 145 404 409
643632098790000000 146 407 412 415
643632099790000000 146 410 419
643632100802000000 146 407 403 409
643632101790000000 146 410 407
643632102843000000 147 409 415
643632103790000000 146 410 412 412
643632104791000000 146 408 405
643632105791000000 146 407 416 415
643632106790000000 146 412 410
643632107843000000 146 409 409 410
643632108791000000 146 416 413
643632109790000000 146 412 408
643632110792000000 146 408 406 411
643632111793000000 146 414 405
643632112790000000 147 406 411 408
643632113793000000 147 410 403
643632114791000000 148 401 403 405
643632115796000000 148 414 409
643632116792000000 147 404 405 403
643632117790000000 148 401 405
643632118790000000 148 410 408 402
643632119793000000 148 404 405
643632120798000000 148 406 404 409
643632121790000000 148 404 402
643632122792000000 148 407 409
643632123843000000 148 407 407 403
643632124841000000 148 403 406
643632125802000000 147 413 410 403
643632126790000000 148 407 407
643632127791000000 147 408 410 414
643632128803000000 147 408 401
643632129790000000 147 406 406 404
643632130790000000 148 404 410
643632131791000000 147 411 408
643632132793000000 147 410 407 404
643632133791000000 147 408 412
643632134843000000 147 413 409 407
643632135793000000 147 408 410
643632136790000000 146 409 414 415
643632137791000000 146 407 410
643632138793000000 146 411 413 411
643632139791000000 146 415 408
643632140841000000 146 409 416
643632141792000000 146 414 411 410
643632142791000000 146 411 413
643632143833000000 146 410 417 409
643632144791000000 146 406 416
643632145791000000 146 415 412 409
643632146790000000 146 412 413
643632147793000000 146 409 418
643632148791000000 146 413 409 414
