timestamp hr
643632632791000000 96 652
643632633793000000 95 643 646
643632634791000000 94 640
643632635816000000 94 652 656
643632636791000000 94 675
643632637791000000 93 650 655
643632638793000000 92 662
643632639790000000 92 656 659
643632640791000000 92 662
643632641793000000 92 651 647
643632642791000000 92 639 647
643632643791000000 92 647
643632644753000000 92 649 644
643632645791000000 92 649
643632646753000000 92 663 654
643632647793000000 92 652
643632648792000000 92 664 655
643632649793000000 92 621
643632650792000000 93 628 634
643632651791000000 93 637
643632652842000000 93 647 654
643632653803000000 93 665
643632654794000000 92 674 686
643632655791000000 92 691
643632656793000000 90 696 713
643632657842000000 89 705
643632658843000000 88 696 700
643632659803000000 88 695
643632660791000000 88 696
643632661791000000 87 709 716
643632662791000000 87 715
643632663793000000 86 714 708
643632664791000000 86 692
643632665791000000 86 672 667
643632666793000000 87 647
643632667753000000 88 658 659
643632668791000000 88 651
643632669792000000 89 667 676
643632670791000000 89 672
643632671754000000 89 672 674
643632672793000000 89 675
643632673791000000 89 657 662
643632674791000000 90 647
643632675794000000 90 650 664
643632676791000000 90 676
643632677753000000 90 657 674
643632678741000000 90 691
643632679741000000 89 713 723
643632680753000000 88 689
643632681752000000 88 691
643632682741000000 88 682 683
643632683753000000 88 673
643632684741000000 88 669 667
643632685741000000 88 667
643632686761000000 89 670 673
643632687741000000 89 681
643632688791000000 89 692 697
643632689791000000 88 672
643632690753000000 88 683 662
643632691741000000 88 662
643632692754000000 89 664 670
643632693741000000 89 681
643632694741000000 89 685 688
643632695793000000 89 703
643632696742000000 88 715
643632697741000000 87 726 716
643632698754000000 87 717
643632699753000000 86 725 724
643632700741000000 85 711
643632701753000000 85 712
643632702741000000 85 711 682
643632703741000000 85 689
643632704791000000 86 680 687
643632705793000000 86 681
643632706754000000 87 678 677
643632707753000000 87 681
643632708754000000 87 663 665
643632709741000000 88 646
643632710754000000 89 637 630
643632711793000000 90 638
643632712746000000 91 637 674
643632713780000000 91 725
643632714741000000 90 762
643632715741000000 87 757 745
643632716753000000 86 729
643632717741000000 85 715 700
643632718741000000 85 693
643632719753000000 86 688 688
643632720741000000 86 700
643632721741000000 86 716
643632722843000000 85 735 745
643632723741000000 85 737
643632724741000000 84 717
643632725754000000 84 720 711
643632726741000000 84 680
643632727741000000 85 675 680
643632728741000000 85 690
643632729741000000 86 709 729
643632730741000000 85 687
643632731741000000 86 691 696
643632732741000000 86 678
643632733741000000 87 644 664
643632734741000000 87 649
643632735742000000 88 650 673
643632736742000000 89 688
643632737740000000 89 693
643632738793000000 88 700 702
643632739741000000 88 716
643632740741000000 87 716 716
643632741744000000 86 685
643632742741000000 86 699
643632743741000000 86 698 740
643632744752000000 86 771
643632745741000000 85 778
643632746740000000 83 785 770
643632747753000000 83 754
643632748741000000 82 728 710
643632749741000000 82 688
643632750752000000 83 683 680
643632751741000000 84 674
643632752741000000 84 664
643632753753000000 85 679 709
643632754741000000 86 756
643632755752000000 85 770
643632756753000000 83 792 775
643632757741000000 83 757
643632758753000000 82 731 698
643632759751000000 82 678
643632760792000000 84 662 653
643632761741000000 84 652
643632762751000000 85 666
643632763741000000 86 687 713
643632764741000000 86 719
643632765744000000 86 721 706
643632766741000000 85 713
643632767741000000 85 713 704
643632768842000000 85 694
643632769741000000 85 690 679
643632770741000000 86 664
643632771803000000 87 668 662
643632772741000000 87 656
643632773741000000 88 667
643632774752000000 88 679 695
643632775741000000 88 701
643632776740000000 87 702 652
643632777752000000 88 689
643632778741000000 88 673 657
643632779741000000 88 657
643632780755000000 89 640 652
643632781741000000 90 649
643632782791000000 90 654 660
643632783752000000 91 660
643632784741000000 91 667 678
643632785741000000 90 687
643632786791000000 90 674 682
643632787741000000 90 685
643632788742000000 89 683 674
643632789754000000 89 668
643632790741000000 89 668 670
643632791765000000 89 676
643632792755000000 89 661 665
643632793741000000 89 668
643632794742000000 90 690
643632795749000000 89 711 751
643632796741000000 88 766
643632797741000000 86 723 679
643632798753000000 86 691
643632799741000000 86 685 687
643632800754000000 86 691
643632801746000000 87 680 685
643632802741000000 87 681
643632803741000000 87 686
643632804791000000 87 685 703
643632805753000000 87 714
643632806743000000 86 731 718
643632807744000000 86 720
643632808742000000 86 714
643632809791000000 85 710 712
643632810742000000 85 707
643632811741000000 85 702 697
643632812741000000 85 690
643632813741000000 86 670 683
643632814753000000 86 660
643632815741000000 87 660 665
643632816741000000 88 684
643632817753000000 88 706 703
643632818742000000 87 700
643632819741000000 87 699
643632820748000000 87 705 720
643632821741000000 86 715
643632822741000000 86 687 695
643632823791000000 86 669
643632824741000000 87 677 687
643632825742000000 87 696
643632826754000000 87 713
643632827741000000 86 717 716
643632828741000000 86 707
643632829754000000 86 694 686
643632830741000000 86 654
643632831741000000 87 664 653
643632832791000000 88 649
643632833741000000 89 649 654
643632834740000000 89 660
643632835764000000 89 694 688
643632836741000000 89 677
643632837805000000 89 694 719
643632838752000000 88 740
643632839741000000 87 723
643632840741000000 86 730 731
643632841754000000 86 729
643632842742000000 85 702 715
643632843742000000 85 714
643632844754000000 85 726
643632845741000000 85 765
643632846742000000 83 763 790
643632847752000000 83 813
643632848742000000 82 807
643632849741000000 81 755 745
643632850841000000 81 724
643632851741000000 81 746
643632852742000000 81 741 743
643632853752000000 81 734
643632854795000000 81 714 715
643632855742000000 81 714
643632856742000000 82 715
643632857743000000 82 700 717
643632858742000000 82 734
643632859741000000 82 802
643632860742000000 82 903
643632861742000000 81 876
643632862743000000 78 855 835
643632863744000000 78 808
643632864741000000 77 732
643632865741000000 78 746 745
643632866754000000 78 736
643632867742000000 78 718
643632868741000000 79 736 735
643632869792000000 79 742
643632870794000000 80 709 726
643632871742000000 80 713
643632872754000000 81 708
643632873742000000 81 712 699
643632874741000000 82 705
643632875755000000 82 723 713
643632876741000000 82 718
643632877741000000 83 718
643632878791000000 83 723 712
643632879742000000 83 713
643632880742000000 83 713 721
643632881744000000 83 721
643632882741000000 83 727
643632883842000000 83 739 742
643632884751000000 83 724
643632885741000000 83 727
643632886741000000 83 722 722
643632887804000000 83 702
643632888742000000 83 668 664
643632889741000000 84 682
643632890754000000 85 670 688
643632891741000000 86 728
643632892792000000 86 760
643632893753000000 84 769 764
643632894741000000 83 741
643632895741000000 83 720 695
643632896751000000 83 684
643632897741000000 84 676
643632898742000000 85 672 684
643632899752000000 85 720
643632900742000000 85 751
643632901764000000 84 798 795
643632902754000000 83 800
643632903794000000 82 788
643632904741000000 81 728 748
643632905753000000 81 734
643632906751000000 81 723 709
643632907741000000 82 686
643632908754000000 82 689
643632909741000000 83 685 694
643632910741000000 84 700
643632911741000000 84 688 699
643632912741000000 84 690
643632913741000000 85 695 699
643632914741000000 85 703
643632915753000000 85 706 693
643632916743000000 85 670
643632917741000000 86 670 659
643632918744000000 87 660
643632919741000000 87 674
643632920793000000 88 695 727
643632921804000000 87 741
643632922791000000 86 742
643632923755000000 85 738 729
643632924754000000 85 716
643632925741000000 85 657 684
643632926742000000 85 665
643632927753000000 87 653 646
643632928742000000 87 656
643632929792000000 88 678 729
643632930752000000 88 775
643632931741000000 87 782
643632932741000000 85 784
643632933841000000 83 801 783
643632934741000000 82 723
643632935741000000 82 703 686
643632936803000000 83 693
643632937741000000 83 696
643632938754000000 84 754
643632939754000000 83 802 826
643632940742000000 82 805
643632941741000000 81 785
643632942791000000 80 765 752
643632943741000000 80 700
643632944741000000 81 710 709
643632945754000000 81 711
643632946741000000 81 745
643632947741000000 82 784
643632948750000000 81 808 807
643632949741000000 80 768
643632950742000000 80 758
643632951754000000 80 751 725
643632952742000000 80 738
643632953792000000 80 768
643632954754000000 80 795 790
643632955741000000 79 798
643632956791000000 79 782
643632957754000000 78 788 767
643632958742000000 78 756
643632959742000000 78 727
643632960753000000 79 713 712
643632961744000000 80 701
643632962742000000 80 717
643632963764000000 81 744 768
643632964741000000 81 729
643632965741000000 81 759
643632966751000000 80 760 767
643632967742000000 80 762
643632968753000000 80 707 727
643632969802000000 81 703
643632970741000000 81 696
643632971742000000 82 700 718
643632972754000000 82 722
643632973794000000 82 739
643632974792000000 82 719 745
643632975754000000 82 733
643632976741000000 82 736 757
643632977741000000 82 763
643632978754000000 82 705
643632979741000000 82 728 697
643632980741000000 82 688
643632981745000000 83 684 688
643632982742000000 84 692
643632983741000000 84 713
643632984764000000 84 727 686
643632985742000000 84 717
643632986792000000 84 716 728
643632987751000000 84 738
643632988741000000 84 708
643632989755000000 84 739 744
643632990751000000 83 758
643632991743000000 83 755
643632992742000000 82 740 729
643632993792000000 82 715
643632994741000000 83 697 680
643632995741000000 83 672
643632996754000000 84 682
643632997742000000 84 730
643632998741000000 83 842 813
643632999754000000 82 859
643633000742000000 81 853
643633001742000000 80 846
643633002841000000 78 815 748
643633003741000000 78 755
643633004742000000 79 744 737
643633005751000000 79 705
643633006742000000 79 732
643633007754000000 80 737
643633008753000000 80 775 769
643633009742000000 80 831
643633010741000000 79 821
643633011741000000 78 768
643633012741000000 78 796 790
643633013741000000 78 776
643633014793000000 78 749
643633015741000000 78 761 750
643633016754000000 78 733
643633017742000000 78 724
643633018744000000 79 742 763
643633019793000000 79 785
643633020742000000 79 752
643633021754000000 79 768 766
643633022742000000 79 773
643633023741000000 79 770
643633024753000000 79 758 748
643633025802000000 79 698
643633026742000000 80 721 703
643633027804000000 80 705
643633028742000000 81 715
643633029741000000 81 741
643633030764000000 81 764 790
643633031742000000 81 800
643633032742000000 80 793
643633033754000000 79 773 757
643633034742000000 79 763
643633035792000000 79 744
643633036754000000 79 742 733
643633037742000000 80 742
643633038742000000 80 760
643633039792000000 80 768 711
643633040742000000 80 753
643633041742000000 80 745
643633042754000000 80 742 723
643633043743000000 80 730
643633044742000000 81 753
643633045792000000 80 759 761
643633046742000000 80 747
643633047742000000 80 727 711
643633048753000000 81 681
643633049742000000 82 688 680
643633050743000000 82
643633051742000000 83 694
643633052794000000 83 764 1044
643633053744000000 79 986
643633054742000000 75 961
643633055742000000 73 879
643633056742000000 72 844
643633057743000000 72 823 815
643633058744000000 72 758
643633059742000000 73 770
643633060742000000 74 759 746
643633061744000000 74 726
643633062754000000 75 734
643633063742000000 76 753 719
643633064754000000 77 746
643633065742000000 77 746
643633066742000000 78 751 758
643633067754000000 78 752
643633068794000000 78 740 686
643633069742000000 79 711
643633070754000000 80 697 694
643633071741000000 81 701
643633072752000000 81 695
643633073794000000 82 722 740
643633074794000000 82 768
643633075754000000 82 767
643633076754000000 82 784
643633077742000000 81 781 749
643633078742000000 80 758
643633079754000000 80 742 739
643633080745000000 80 710
643633081742000000 81 719
643633082756000000 81 728 738
643633083742000000 81 735
643633084742000000 81 729 735
643633085841000000 81 686
643633086741000000 82 696
643633087753000000 83 713 704
643633088754000000 83 711
643633089742000000 83 702 704
643633090742000000 84 696
643633091745000000 84 688
643633092742000000 84 693 692
643633093742000000 85 694
643633094754000000 85 698 713
643633095742000000 85 724
643633096742000000 85 729
643633097745000000 84 731 734
643633098742000000 84 725
643633099743000000 84 707 706
643633100754000000 84 699
643633101794000000 84 701
643633102742000000 85 692 704
643633103742000000 85 729
643633104742000000 85 779
643633105742000000 83 751 755
643633106742000000 83 780
643633107742000000 82 800
643633108754000000 81 785 748
643633109742000000 81 745
643633110742000000 81 749
643633111742000000 81 725 714
643633112742000000 81 712
643633113744000000 82 714 707
643633114742000000 82 705
643633115744000000 83 702 699
643633116744000000 83 675
643633117755000000 84 686 678
643633118792000000 84 683
643633119744000000 85 678 648
643633120742000000 86 675
643633121792000000 87 666
643633122792000000 87 681 710
643633123742000000 87 731
643633124751000000 87 706
643633125794000000 86 738 743
643633126755000000 85 743
643633127742000000 84 732 722
643633128804000000 84 734
643633129742000000 84 760
643633130742000000 83 776
643633131753000000 82 776 821
643633132742000000 81 847
643633133742000000 80 826
643633134754000000 80 804
643633135742000000 79 800 801
643633136742000000 78 761
643633137752000000 78 764
643633138742000000 78 772
643633139742000000 78 795 749
643633140792000000 78 783
643633141742000000 78 757 749
643633142742000000 78 732
643633143752000000 78 723
643633144741000000 79 723 736
643633145742000000 80 725
643633146754000000 80 699 704
643633147742000000 81 695
643633148742000000 81 695
643633149792000000 82 688 688
643633150742000000 83 701
643633151792000000 83 727
643633152756000000 83 755 756
643633153742000000 83 794
643633154758000000 82 809
643633155756000000 81 796
643633156742000000 80 787 781
643633157742000000 80 788
643633158754000000 79 751
643633159742000000 79 750 743
643633160742000000 79 757
643633161755000000 79 734
643633162742000000 80 761 775
643633163792000000 80 816
643633164751000000 79 792
643633165742000000 79 799
643633166742000000 78 788 781
643633167792000000 78 734
643633168743000000 78 743 741
643633169742000000 79 751
643633170742000000 79 735
643633171742000000 79 766
643633172742000000 79 765 758
643633173742000000 79 731
643633174742000000 79 728 717
643633175742000000 80 711
643633176742000000 80 711
643633177744000000 81 721 702
643633178742000000 81 729
643633179742000000 82 734
643633180804000000 81 763 755
643633181842000000 81 754
643633182742000000 81 750 744
643633183755000000 81 719
643633184794000000 81 717
643633185741000000 81 718 727
643633186842000000 82 720
643633187742000000 82 751
643633188742000000 82 763 766
643633189752000000 81 743
643633190742000000 81 776
643633191742000000 80 783 752
643633192754000000 80 753
643633193742000000 80 748
643633194742000000 80 744 702
643633195792000000 80 712
643633196742000000 81 700 701
643633197742000000 82 681
643633198753000000 82 706
643633199743000000 83 716 718
643633200742000000 83 730
643633201754000000 83 746
643633202742000000 83 752 709
643633203742000000 82 731
643633204755000000 83 704 689
643633205743000000 83 676
643633206742000000 84 675 678
643633207742000000 85 669
643633208744000000 86 664 654
643633209753000000 87 649
643633210742000000 88 657 669
643633211742000000 88 687
643633212742000000 88 735
643633213742000000 88 812
643633214745000000 84 887 859
643633215742000000 82 823
643633216744000000 81 798
643633217804000000 80 772 727
643633218755000000 80 728
643633219742000000 80 729
643633220751000000 81 739 711
643633221742000000 81 740
643633222741000000 81 749
643633223762000000 81 738 723
643633224742000000 81 730
643633225742000000 81 737 730
643633226755000000 81 708
643633227742000000 82 727
643633228742000000 82 714 722
643633229754000000 82 731
643633230844000000 82 736
643633231742000000 82 749 759
643633232799000000 82 729
643633233742000000 82 735 680
643633234742000000 82 703
643633235746000000 83 701
643633236742000000 83 715 710
643633237742000000 83 717
643633238751000000 83 718 682
643633239741000000 84 702
643633240742000000 84 666 666
643633241785000000 85 657
643633242742000000 87 653 636
643633243742000000 89 625 620
643633244761000000 90 616
643633245742000000 92 611 612
643633246753000000 93 618
643633247742000000 94 620 624
643633248742000000 95 628 634
643633249742000000 95 626
643633250792000000 95 606 627
643633251742000000 96 604 595
643633252742000000 97 585
643633253742000000 99 578 572
643633254743000000 101 562 559
643633255754000000 104 546 549
643633256742000000 106 548 547
643633257744000000 106 555
643633258743000000 107 577 607
643633259804000000 106 607
643633260742000000 103 593 645
643633261742000000 102 705
643633262742000000 97 819
643633263745000000 88 783 744
643633264754000000 87 716
643633265742000000 86 694 679
643633266745000000 86 677
643633267794000000 87 689 688
643633268742000000 87 678
643633269755000000 87 652 648
643633270742000000 88 623
643633271742000000 90 618 616
643633272770000000 92 613 610
643633273805000000 93 610
643633274742000000 95 606 609
643633275754000000 96 610 614
643633276742000000 96 616
643633277792000000 97 632 659
643633278771000000 96 695
643633279742000000 95 679
643633280742000000 92 698 711
643633281805000000 91 759
643633282795000000 88 712 718
643633283794000000 88 693
643633284754000000 87 675 677
643633285742000000 88 662
643633286742000000 88 660 634
643633287755000000 89 479 737
643633288742000000 90 614
643633289742000000 91 593 587
643633290754000000 95 583 581
643633291742000000 97 583
643633292742000000 98 608
643633293754000000 98 768
643633294742000000 94 1085
643633295742000000 85 938
643633296842000000 77 847 779
643633297742000000 77 748
643633298742000000 77 722 699
643633299756000000 78 673
643633300795000000 80 671 678
643633301742000000 81 685
643633302755000000 82 705
643633303742000000 82 714 721
643633304742000000 83 713
643633305755000000 83 717 719
643633306742000000 83 739
643633307742000000 83 764
643633308755000000 82 767 742
643633309742000000 82 719
643633310754000000 82 701 694
643633311754000000 83 683
643633312742000000 83 682
643633313742000000 84 680 683
643633314754000000 85 691
643633315742000000 85 702 726
643633316793000000 85 760
643633317742000000 84 788
643633318742000000 83 771 754
643633319742000000 82 739
643633320742000000 82 717
643633321742000000 82 707 698
643633322742000000 83 692
643633323748000000 84 694 697
643633324754000000 84 712
643633325742000000 84 733
643633326745000000 84 775
643633327744000000 83 774 775
643633328742000000 82 757
643633329742000000 82 736 726
643633330794000000 82 711
643633331795000000 82 705 698
643633332742000000 82 694
643633333848000000 83 693
643633334745000000 84 701 711
643633335743000000 84 735
643633336755000000 84 772
643633337742000000 83 776 773
643633338742000000 82 760
643633339769000000 82 743
643633340742000000 81 739 718
643633341742000000 81 706
643633342795000000 82 701 700
643633343742000000 83 699
643633344742000000 83 711
643633345754000000 83 732
643633346742000000 83 769 791
643633347754000000 82 796
643633348754000000 81 774
643633349794000000 81 768 754
643633350742000000 80 736
643633351773000000 81 730 719
643633352742000000 81 710
643633353742000000 81 713
643633354755000000 82 721 728
643633355742000000 82 742
643633356792000000 82 761
643633357755000000 81 783 794
643633358742000000 81 779
643633359743000000 80 771
643633360742000000 80 747 727
643633361742000000 80 719
643633362742000000 80 718
643633363742000000 81 719 729
643633364743000000 81 743
643633365754000000 81 763
643633366792000000 81 787 790
643633367744000000 80 792
643633368742000000 80 768
643633369793000000 79 743 729
643633370745000000 80 715
643633371742000000 80 708
643633372743000000 81 703 704
643633373745000000 81 713
643633374742000000 82 727
643633375742000000 82 752 775
643633376754000000 81 800
643633377742000000 81 806
643633378766000000 80 779 757
643633379842000000 80 753
643633380742000000 80 743
643633381742000000 80 734 723
643633382755000000 80 716
643633383742000000 81 721 719
643633384742000000 81 722
643633385758000000 81 725
643633386742000000 82 721 728
643633387742000000 82 732
643633388792000000 82 742
643633389742000000 82 760 766
643633390742000000 81 754
643633391755000000 81 744
643633392743000000 81 734 723
643633393742000000 81 717
643633394755000000 82 721 716
643633395742000000 82 715
643633396742000000 82 718
643633397755000000 82 723 731
643633398742000000 82 749
643633399793000000 82 769
643633400756000000 81 780 766
643633401742000000 81 758
643633402769000000 81 739
643633403755000000 81 727 726
643633404742000000 81 715
643633405742000000 81 717
643633406792000000 82 726 744
643633407742000000 82 765
643633408742000000 81 785
643633409755000000 81 788
643633410743000000 80 816 826
643633411743000000 79 786
643633412755000000 79 739 707
643633413742000000 79 683
643633414743000000 81 669 661
643633415804000000 82 653
643633416743000000 84 632 626
643633417742000000 87 621 630
643633418755000000 88 629
643633419742000000 90 617 612
643633420743000000 92 626 613
643633421819000000 93 608
643633422742000000 95 593 588
643633423743000000 97 579 564
643633424754000000 100 552 558
643633425754000000 102 548
643633426746000000 105 538 538
643633427755000000 107 540 532
643633428742000000 109 546 555
643633429742000000 108 576 587
643633430753000000 107 609
643633431795000000 105 600 598
643633432792000000 104 596
643633433754000000 102 607 612
643633434754000000 101 620 629
643633435742000000 100 629
643633436742000000 98 626 625
643633437742000000 98 619 607
643633438742000000 98 596
643633439755000000 99 590 591
643633440742000000 100 576 574
643633441742000000 101 580
643633442742000000 102 581 581
643633443742000000 102 581 587
643633444742000000 102 601
643633445742000000 101 620 646
643633446743000000 100 671
643633447743000000 97 666 648
643633448805000000 96 646
643633449742000000 95 642 644
643633450742000000 95 645
643633451743000000 94 663 683
643633452742000000 93 687
643633453742000000 92 679 677
643633454742000000 91 666
643633455745000000 91 669 686
643633456743000000 90 737
643633457793000000 89 763
643633458743000000 87 725 707
643633459742000000 87 699
643633460742000000 86 696 689
643633461744000000 86 679
643633462745000000 87 677 680
643633463742000000 87 690
643633464745000000 87 700
643633465793000000 87 731 770
643633466792000000 86 766
643633467745000000 85 761
643633468742000000 84 736 711
643633469742000000 83 704
643633470744000000 84 702 703
643633471755000000 84 720
643633472743000000 84 741
643633473755000000 84 779
643633474742000000 82 812 782
643633475747000000 82 768
643633476754000000 81 746 735
643633477742000000 81 721
643633478743000000 81 709
643633479756000000 82 713 719
643633480794000000 82 751
643633481793000000 82 792
643633482755000000 81 883
643633483742000000 80 896
643633484792000000 78 852 818
643633485774000000 77 794
643633486743000000 77 761
643633487742000000 77 729 718
643633488755000000 78 716
643633489742000000 79 730
643633490742000000 79 750
643633491755000000 79 803 838
643633492743000000 78 810
643633493742000000 78 788
643633494755000000 78 776 748
643633495743000000 78 730
643633496743000000 78 722
643633497754000000 79 725 734
643633498793000000 79 778
643633499742000000 79 835
643633500755000000 79 856
643633501742000000 78 849
643633502743000000 77 820 803
643633503798000000 76 774
643633504743000000 77 755 745
643633505742000000 77 740
643633506756000000 77 751
643633507743000000 78 793
643633508742000000 78 826
643633509754000000 77 817 806
643633510742000000 77 791
643633511742000000 76 764
643633512792000000 77 750 748
643633513743000000 77 756
643633514743000000 77 779
643633515745000000 77 805
643633516742000000 77 831 823
643633517743000000 76 832
643633518756000000 76 853
643633519743000000 76 838
643633520743000000 75 820 799
643633521742000000 75 779
643633522743000000 75 767
643633523743000000 76 765 748
643633524743000000 76 742
643633525743000000 76 764
643633526754000000 77 784
643633527742000000 77 766 758
643633528743000000 77 752
643633529743000000 77 748
643633530749000000 78 752 783
643633531793000000 78 826
643633532743000000 78 844
643633533743000000 77 818
643633534745000000 76 799 768
643633535742000000 76 756
643633536756000000 77 743
643633537744000000 77 745 761
643633538742000000 78 779
643633539742000000 78 791
643633540745000000 77 817
643633541795000000 77 856
643633542743000000 77 873
643633543745000000 75 904 890
643633544742000000 74 860
643633545742000000 74 840
643633546745000000 73 810
643633547743000000 73 785 756
643633548742000000 74 755
643633549793000000 74 761
643633550743000000 75 760 767
643633551754000000 76 778
643633552755000000 76 813
643633553743000000 76 823
643633554743000000 76 865
643633555756000000 75 908
643633556743000000 74 910
643633557743000000 73 872 845
643633558755000000 73 826
643633559743000000 73 792
643633560743000000 73 770 770
643633561756000000 74 773
643633562743000000 74 781
643633563792000000 74 818
643633564819000000 74 835
643633565743000000 74 849
643633566743000000 73 883 891
643633567800000000 73 884
643633568744000000 72 854
643633569743000000 72 824
643633570756000000 72 795 776
643633571743000000 73 775
643633572754000000 73 773
643633573755000000 74 785
643633574743000000 74 826
643633575743000000 74 897
643633576754000000 74 1329
643633577743000000 71 1143
643633578743000000 67 960
643633579755000000 66 831 776
643633580743000000 67 769
643633581793000000 68 763
643633582754000000 69 788
643633583743000000 70 803
643633584756000000 71 844
643633585755000000 71 1304
643633586745000000 70 1112
643633587743000000 68 1102
643633588756000000 66 912
643633589743000000 66 806
643633590743000000 67 799 811
643633591755000000 68 813
643633592795000000 68 820
643633593743000000 69 835
643633594757000000 70 835 822
643633595754000000 70 804
643633596743000000 70 819
643633597805000000 71 843
643633598743000000 71 883
643633599743000000 71 873
643633600772000000 70 875
643633601743000000 70 886 882
643633602743000000 70 861
643633603743000000 70 845
643633604794000000 70 838
643633605743000000 70 817 805
643633606743000000 71 788
643633607743000000 71 776
643633608743000000 72 773
643633609743000000 73 771 796
643633610745000000 73 824
643633611743000000 73 857
643633612743000000 73 894
643633613745000000 73 879
643633614743000000 72 890
643633615743000000 72 883
643633616745000000 71 871 842
643633617743000000 71 828
643633618744000000 71 818
643633619745000000 71 818
643633620743000000 72 799 793
643633621743000000 72 789
643633622743000000 72 785
643633623743000000 73 796
643633624743000000 73 806
643633625745000000 73 844
643633626743000000 73 908 915
643633627745000000 72 896
643633628756000000 72 876
643633629743000000 71 854
643633630793000000 71 791 767
643633631793000000 72 759
643633632744000000 72 757
643633633743000000 73 780
643633634756000000 74 847
643633635743000000 74 926
643633636743000000 72 915 881
643633637756000000 72 851
643633638743000000 71 798
643633639743000000 72 782 767
643633640756000000 73 767
643633641743000000 73 771
643633642770000000 74 801
643633643756000000 74 821
643633644743000000 74 853
643633645743000000 73 879 907
643633646756000000 73 872
643633647794000000 72 847
643633648743000000 72 802 786
643633649771000000 72 759
643633650795000000 73 755
643633651743000000 74 754
643633652755000000 74 773
643633653743000000 75 813
643633654743000000 74 878 926
643633655795000000 74 931
643633656744000000 73 891
643633657743000000 72 864
643633658755000000 72 826
643633659743000000 72 808 807
643633660743000000 72 828
643633661756000000 72 856
643633662743000000 72 894
643633663793000000 72 933
643633664785000000 71 955
643633665745000000 70 877
643633666743000000 70 844 790
643633667756000000 70 775
643633668743000000 71 772
643633669743000000 72 771
643633670756000000 72 784
643633671743000000 73 824 892
643633672743000000 73 966
643633673793000000 72 915
643633674743000000 71 902
643633675743000000 71 858
643633676743000000 70 815 782
643633677743000000 71 767
643633678743000000 72 768
643633679743000000 72 775
643633680794000000 73 812 842
643633681743000000 73 840
643633682758000000 73 829
643633683745000000 73 815
643633684743000000 73 786 783
643633685743000000 73 759
643633686745000000 74 750
643633687754000000 75 748 760
643633688743000000 75 796
643633689744000000 76 837
643633690743000000 75 912
643633691744000000 75 939
643633692745000000 74 889
643633693743000000 72 869 819
643633694743000000 72 782
643633695745000000 73 779
643633696805000000 73 776
643633697743000000 74 788 799
643633698746000000 74 808
643633699743000000 74 824
643633700793000000 74 842
643633701756000000 74 853
643633702743000000 73 856 844
643633703743000000 73 814
643633704746000000 73 804
643633705754000000 73 779
643633706793000000 74 764 763
643633707770000000 74 765
643633708744000000 75 771
643633709743000000 75 776
643633710755000000 75 804 823
643633711743000000 75 865
643633712743000000 75 867
643633713806000000 74 857
643633714743000000 74 797 783
643633715743000000 74 762
643633716777000000 74 754
643633717743000000 75 753
643633718743000000 76 781 805
643633719800000000 76 812
643633720743000000 75 825
643633721743000000 75 783 761
643633722747000000 75 752
643633723743000000 76 748
643633724743000000 76 766
643633725770000000 77 792 831
643633726743000000 76 811
643633727743000000 76 795
643633728777000000 76 798
643633729795000000 76 802 768
643633730743000000 76 767
643633731755000000 76 769
643633732743000000 76 775 783
643633733743000000 76 775
643633734771000000 77 753
643633735743000000 77 754 750
643633736743000000 77 760
643633737793000000 78 772
643633738743000000 78 800
643633739743000000 77 809 813
643633740756000000 77 803
643633741743000000 77 791
643633742744000000 76 779 761
643633743771000000 77 745
643633744743000000 77 747
643633745743000000 77 745
643633746805000000 78 757 784
643633747743000000 78 819
643633748743000000 78 831
643633749756000000 77 834
643633750743000000 76 795 783
643633751743000000 76 776
643633752756000000 76 766
643633753743000000 77 753 762
643633754743000000 77 779
643633755755000000 77 822
643633756794000000 77 855
643633757743000000 76 833
643633758757000000 76 861
643633759743000000 75 861 812
643633760753000000 74 802
643633761756000000 74 807
643633762796000000 74 814 793
643633763744000000 74 777
643633764756000000 75 796
643633765755000000 75 857
643633766743000000 75 960
643633767755000000 74 898
643633768743000000 73 877
643633769743000000 72 858 821
643633770756000000 72 775
643633771743000000 72 768
643633772743000000 73 771
643633773756000000 74 798 850
643633774755000000 74 834
643633775743000000 73 844
643633776756000000 73 864
643633777743000000 73 842
643633778744000000 73 816 840
643633779796000000 73 852
643633780744000000 72 837
643633781743000000 72 809
643633782756000000 72 790
643633783744000000 73 806 826
643633784743000000 73 858
643633785755000000 73 844
643633786743000000 73 840
643633787743000000 72 838 810
643633788777000000 72 793
643633789743000000 73 782
643633790743000000 73 806
643633791743000000 73 848
643633792743000000 73 874
643633793743000000 73 854 853
643633794743000000 72 855
643633795796000000 72 820
643633796743000000 72 818
643633797793000000 72 833 830
643633798743000000 72 798
643633799744000000 72 806
643633800743000000 73 817
643633801795000000 73 815
643633802746000000 73 803 823
643633803743000000 73 837
643633804745000000 73 823
643633805743000000 73 798
643633806758000000 73 803 815
643633807745000000 73 820
643633808743000000 73 808
643633809743000000 74 787 758
643633810746000000 74 752
643633811755000000 75 752
643633812793000000 75 768
643633813746000000 76 795 834
643633814744000000 75 808
643633815793000000 75 787
643633816745000000 75 772
643633817744000000 76 759 765
643633818743000000 76 772
643633819746000000 76 774
643633820756000000 77 756 725
643633821743000000 77 735
643633822745000000 77 737
643633823744000000 78 766
643633824744000000 78 813 876
643633825746000000 77 854
643633826743000000 76 808
643633827743000000 76 793
643633828795000000 76 796 826
643633829743000000 76 854
643633830743000000 75 849
643633831746000000 75 831
643633832743000000 74 789 779
643633833743000000 75 781
643633834746000000 75 815
643633835743000000 75 883
643633836744000000 74 913
643633837755000000 74 892
643633838743000000 73 908
643633839743000000 72 890
643633840746000000 72 852 859
643633841743000000 71 864
643633842743000000 71 819
643633843772000000 71 829
643633844744000000 71 862
643633845793000000 71 884 843
643633846756000000 71 823
643633847743000000 71 853
643633848747000000 71 874
643633849756000000 71 839
643633850743000000 71 812
643633851743000000 71 832 869
643633852756000000 71 829
643633853744000000 71 810
643633854743000000 71 825
643633855756000000 72 855 841
643633856743000000 71 823
643633857796000000 72 839
643633858756000000 72 853
643633859744000000 72 832
643633860743000000 71 848
643633861843000000 71 860 841
643633862743000000 71 841
643633863743000000 71 895
643633864763000000 71 924
643633865743000000 71 885
643633866755000000 70 896
643633867756000000 70 909
643633868743000000 69 848 866
643633869743000000 69 862
643633870756000000 69 848
643633871743000000 70 846
643633872743000000 70 853
643633873768000000 70 870
643633874743000000 70 865
643633875743000000 70 903 913
643633876769000000 69 861
643633877744000000 69 856
643633878794000000 69 859
643633879744000000 69 826
643633880743000000 69 843
643633881744000000 70 884
643633882743000000 69 903 859
643633883743000000 69 886
643633884743000000 69 907
643633885743000000 69 861
643633886743000000 69 875
643633887743000000 69 895
643633888793000000 69 846 841
643633889755000000 69 854
643633890743000000 69 852
643633891743000000 69 839
643633892746000000 70 886
643633893744000000 70 933
643633894797000000 69 923
643633895745000000 69 903
643633896743000000 68 926 868
643633897743000000 68 853
643633898756000000 68 848
643633899743000000 68 827
643633900743000000 69 826
643633901746000000 69 860
643633902744000000 69 862 851
643633903793000000 69 868
643633904746000000 69 898
643633905744000000 69 855
643633906756000000 69 853
643633907746000000 69 886
643633908743000000 69 843 844
643633909743000000 70 864
643633910746000000 70 829
643633911797000000 70 830
643633912756000000 70 838
643633913746000000 70 826 813
643633914743000000 71 827
643633915743000000 71 835
643633916745000000 71 833
643633917744000000 71 847
643633918743000000 71 873 852
643633919746000000 71 848
643633920743000000 71 866
643633921793000000 71 849
643633922747000000 71 830
643633923744000000 71 864
643633924744000000 71 901
643633925746000000 70 862 851
643633926745000000 70 878
643633927743000000 70 848
643633928745000000 70 823
643633929744000000 70 862
643633930749000000 70 898
643633931746000000 70 873
643633932743000000 70 931
643633933743000000 69 1019 893
643633934793000000 68 842
643633935746000000 68 855
643633936744000000 69 862
643633937776000000 69 822
643633938744000000 69 829 849
643633939743000000 70 855
643633940756000000 70 855
643633941743000000 70 871
643633942743000000 70 842
643633943804000000 70 869
643633944806000000 70 881 843
643633945744000000 70 824
643633946756000000 70 833
643633947744000000 70 834
643633948743000000 70 834
643633949757000000 70 848
643633950743000000 71 894
643633951744000000 70 895 904
643633952756000000 70 927
643633953743000000 69 867
643633954743000000 69 841
643633955756000000 69 848
643633956744000000 69 875
643633957744000000 69 859 841
643633958757000000 70 860
643633959744000000 70 835
643633960756000000 70 820
643633961747000000 70 846
643633962744000000 70 850 821
643633963744000000 70 836
643633964746000000 71 849
643633965744000000 71 822
643633966744000000 71 815
643633967793000000 71 834 870
643633968744000000 71 834
643633969743000000 71 826
643633970756000000 71 842
643633971743000000 71 870
643633972744000000 71 832 827
643633973756000000 71 839
643633974744000000 71 831
643633975744000000 71 824
643633976756000000 71 851
643633977796000000 71 870
643633978744000000 71 827 834
643633979756000000 71 864
643633980744000000 71 832
643633981744000000 71 841
643633982743000000 71 863
643633983744000000 71 838 825
643633984744000000 71 840
643633985744000000 71 849
643633986744000000 71 813
643633987744000000 71 832
643633988744000000 72 851 834
643633989746000000 71 840
643633990751000000 72 861
643633991744000000 71 857
643633992744000000 71 829
643633993744000000 71 860 847
643633994743000000 71 817
643633995747000000 71 827
643633996744000000 71 832
643633997770000000 72 806
643633998746000000 72 809 816
643633999744000000 72 833
643634000755000000 72 807
643634001747000000 72 841
643634002744000000 72 838
643634003744000000 72 834 841
643634004794000000 72 853
643634005744000000 72 825
643634006744000000 72 803
643634007757000000 72 832
643634008743000000 72 880
643634009744000000 72 872 894
643634010810000000 71 905
643634011744000000 71 857
643634012744000000 71 851
643634013756000000 71 867
643634014744000000 71 865
643634015747000000 70 846
643634016756000000 70 875 882
643634017744000000 70 863
643634018796000000 70 867
643634019756000000 70 885
643634020744000000 70 867
643634021744000000 70 850 857
643634022799000000 70 818
643634023744000000 70 816
643634024744000000 70 847
643634025757000000 70 879
643634026744000000 70 859
643634027794000000 70 924
643634028744000000 70 1015
643634029744000000 69 926
643634030744000000 68 905 916
643634031744000000 68 851
643634032744000000 68 852
643634033744000000 68 867
643634034744000000 68 854
643634035745000000 68 830
643634036756000000 69 844 874
643634037744000000 69 836
643634038744000000 69 845
643634039744000000 69 862
643634040744000000 70 828
643634041744000000 70 836 880
643634042744000000 70 862
643634043794000000 70 850
643634044746000000 70 886
643634045756000000 70 880
643634046744000000 70 854
643634047747000000 70 872
643634048744000000 70 900
643634049744000000 69 883 896
643634050746000000 69 884
643634051744000000 69 851
643634052744000000 69 863
643634053746000000 69 883
643634054744000000 69 954
643634055744000000 69 918
643634056746000000 68 916
643634057744000000 68 919
643634058744000000 68 876 867
643634059746000000 68 926
643634060796000000 68 979
643634061744000000 67 910
643634062746000000 67 887
643634063808000000 67 878
643634064744000000 67 836
643634065747000000 67 815
643634066744000000 68 855 948
643634067756000000 68 905
643634068798000000 68 893
643634069744000000 68 898
643634070744000000 68 861
643634071757000000 68 849
643634072745000000 68 861 856
643634073744000000 68 821
643634074803000000 69 841
643634075744000000 69 864
643634076794000000 69 840
643634077794000000 70 821 843
643634078744000000 70 843
643634079744000000 70 830
643634080758000000 70 845
643634081744000000 70 889
643634082746000000 70 863
643634083747000000 70 865
643634084744000000 70 903 893
643634085744000000 69 862
643634086757000000 69 896
643634087744000000 69 891
643634088744000000 69 848
643634089758000000 69 839
643634090744000000 69 896
643634091744000000 69 892 837
643634092747000000 69 860
643634093796000000 69 890
643634094744000000 69 884
643634095756000000 69 875
643634096744000000 69 888
643634097744000000 69 858 835
643634098759000000 69 845
643634099744000000 69 848
643634100744000000 69 814
643634101747000000 70 827
643634102744000000 70 842
643634103744000000 70 883 858
643634104756000000 70 843
643634105756000000 70 876
643634106744000000 70 852
643634107775000000 70 847
643634108744000000 70 847 832
643634109794000000 70 816
643634110757000000 71 834
643634111744000000 71 850
643634112744000000 71 825
643634113744000000 71 821 833
643634114756000000 71 840
643634115744000000 71 808
643634116744000000 71 814
643634117744000000 72 838
643634118744000000 72 874 860
643634119744000000 71 849
643634120744000000 71 856
643634121744000000 71 920
643634122744000000 71 930
643634123744000000 70 870
643634124744000000 70 816 796
643634125744000000 70 792
643634126797000000 71 814
643634127795000000 71 854
643634128794000000 71 873
643634129744000000 71 866
643634130744000000 71 842 828
643634131744000000 71 797
643634132744000000 71 792
643634133744000000 72 787
643634134744000000 72 802 829
643634135744000000 73 876
643634136744000000 72 867
643634137756000000 72 874
643634138744000000 72 892
643634139744000000 71 853
643634140744000000 71 848 865
643634141747000000 71 878
643634142797000000 71 838
643634143744000000 71 802
643634144746000000 71 819
643634145744000000 71 880
643634146794000000 71 907
643634147745000000 71 885
643634148744000000 70 959
643634149744000000 69 1005 901
643634150746000000 68 872
643634151747000000 68 875
643634152744000000 68 856
643634153746000000 68 813
643634154744000000 69 848
643634155746000000 69 898
643634156746000000 69 879 874
643634157744000000 69 929
643634158744000000 69 946
643634159797000000 68 884
643634160757000000 68 876
643634161745000000 68 891
643634162746000000 68 874
643634163744000000 68 841 857
643634164744000000 68 877
643634165746000000 69 886
643634166744000000 68 858
643634167744000000 69 921
643634168747000000 68 996
643634169744000000 68 936
643634170744000000 67 962
643634171747000000 67 959
643634172744000000 66 874
643634173744000000 67 879 896
643634174747000000 67 840
643634175797000000 67 839
643634176744000000 67 876
643634177796000000 68 845
643634178797000000 68 842
643634179757000000 68 865 849
643634180746000000 69 854
643634181744000000 69 895
643634182744000000 69 855
643634183746000000 69 809
643634184744000000 70 794 813
643634185744000000 70 828
643634186746000000 70 828
643634187744000000 71 831
643634188744000000 71 838
643634189747000000 71 857 841
643634190744000000 71 872
643634191744000000 71 863
643634192797000000 71 825
643634193744000000 71 822
643634194744000000 71 827 796
643634195745000000 71 785
643634196744000000 72 796
643634197744000000 72 816
643634198746000000 73 806 824
643634199744000000 73 849
643634200744000000 73 826
643634201747000000 73 799
643634202744000000 73 810 820
643634203744000000 73 777
643634204757000000 73 768
643634205744000000 74 772
643634206794000000 74 782 779
643634207756000000 75 786
643634208797000000 75 794
643634209747000000 75 799
643634210757000000 75 784 809
643634211744000000 75 827
643634212756000000 75 789
643634213776000000 75 798
643634214744000000 75 819 826
643634215751000000 75 796
643634216757000000 75 788
643634217745000000 75 793 794
643634218745000000 75 782
643634219756000000 75 788
643634220744000000 75 820
643634221744000000 75 886
643634222753000000 75 854
643634223744000000 74 826 816
643634224744000000 74 832
643634225797000000 74 853
643634226744000000 73 844 782
643634227794000000 73 759
643634228752000000 74 729
643634229756000000 75 739 719
643634230744000000 76 710
643634231757000000 78 697 699
643634232745000000 78 702
643634233744000000 79 712
643634234757000000 80 726
643634235744000000 80 744 770
643634236744000000 80 822
643634237757000000 80 841
643634238756000000 79 824
643634239744000000 78 778 765
643634240751000000 78 771
643634241796000000 78 775
643634242744000000 78 757 748
643634243757000000 78 762
643634244744000000 78 772
643634245756000000 78 783 747
643634246758000000 78 745
643634247744000000 78 745
643634248744000000 79 752 763
643634249755000000 79 786
643634250744000000 79 799
643634251744000000 78 809
643634252805000000 78 854
643634253744000000 77 872
643634254744000000 76 873 861
643634255761000000 75 839
643634256746000000 75 821
643634257744000000 74 807
643634258807000000 74 791 773
643634259744000000 75 792
643634260744000000 75 794
643634261787000000 75 813
643634262744000000 75 853
643634263744000000 75 875
643634264757000000 74 894
643634265744000000 73 922 950
643634266747000000 72 918
643634267756000000 71 895
643634268744000000 71 871
643634269744000000 70 831
643634270748000000 71 813 784
643634271744000000 71 797
643634272744000000 72 820
643634273744000000 72 854
643634274796000000 72 1036
643634275747000000 71 1146
643634276771000000 69 1051
643634277744000000 68 885
643634278744000000 67 865
643634279752000000 68 827
643634280797000000 68 806 816
643634281744000000 68
643634282745000000 69 880
643634283745000000 69 971
643634284747000000 69 1284
643634285744000000 67 1069
643634286745000000 66 1031
643634287744000000 65 1014
643634288744000000 64 970
643634289744000000 64 961
643634290744000000 64 947
643634291794000000 64 945 933
643634292747000000 64 934
643634293745000000 64 857
643634294757000000 64 883
643634295747000000 65 879
643634296744000000 65 921
643634297744000000 65 883
643634298747000000 65 896
643634299745000000 65 929 896
643634300756000000 66 891
643634301747000000 66 841
643634302744000000 66 800
643634303744000000 67 791
643634304747000000 68 797 840
643634305744000000 69 854
643634306744000000 69 882
643634307746000000 69 985
643634308744000000 69 1044
643634309744000000 68 977
643634310747000000 67 896
643634311794000000 67 854
643634312744000000 67 847 822
643634313744000000 68 801
643634314744000000 68 796
643634315744000000 69 810
643634316744000000 70 824
643634317744000000 70 874
643634318744000000 70 894
643634319744000000 70 914
643634320745000000 69 957 947
643634321744000000 68 903
643634322744000000 68 878
643634323744000000 68 860
643634324794000000 68 848
643634325747000000 69 836 802
643634326744000000 69 795
643634327773000000 70 792
643634328744000000 70 796
643634329794000000 71 848
643634330794000000 71 902
643634331744000000 71 940
643634332745000000 70 977
643634333744000000 69 935 896
643634334744000000 68 860
643634335745000000 68 844
643634336745000000 69 838
643634337744000000 69 825 829
643634338745000000 70 809
643634339754000000 70 802
643634340745000000 70 809
643634341745000000 71 821
643634342745000000 71 845
643634343745000000 71 867 892
643634344794000000 71 883
643634345744000000 70 896
643634346745000000 70 892
643634347756000000 70 876
643634348744000000 70 865
643634349744000000 70 858 831
643634350744000000 70 810
643634351744000000 70 795
643634352744000000 71 791
643634353757000000 71 793
643634354744000000 72 816 840
643634355744000000 72 888
643634356744000000 72 903
643634357794000000 71 890
643634358745000000 71 893
643634359744000000 70 871 838
643634360758000000 70 790
643634361745000000 71 768
643634362756000000 71 763
643634363744000000 72 783
643634364745000000 72 888
643634365745000000 72 1267
643634366744000000 70 1104
643634367747000000 67 1005
643634368745000000 66 920
643634369744000000 66 871
643634370747000000 66 853
643634371744000000 66 875
643634372744000000 67 935
643634373745000000 67 1335
643634374744000000 65 1253
643634375745000000 63 1101
643634376746000000 63
643634377744000000 62 977
643634378745000000 62 1052 1060
643634379745000000 61 975
643634380781000000 61 954
643634381745000000 61 940
643634382745000000 61 957
643634383745000000 61
643634384794000000 61 1038
643634385757000000 61 1104
643634386745000000 61 1173
643634387744000000 60 1090
643634388744000000 59 1034
643634389745000000 59 955 888
643634390797000000 60 874
643634391744000000 61 864
643634392745000000 61 816
643634393756000000 62 798
643634394744000000 64 857
643634395744000000 65 949
643634396745000000 65 1006
643634397745000000 64 1082
643634398744000000 64 1125
643634399747000000 63 1033
643634400747000000 62 918
643634401745000000 63 869 847
643634402745000000 63 829
643634403749000000 64 810
643634404745000000 65 805
643634405744000000 67 796 807
643634406747000000 68 829
643634407795000000 68 888
643634408746000000 68 953
643634409747000000 68 985
643634410745000000 67 929
643634411744000000 67 866
643634412746000000 67 820 814
643634413745000000 68 791
643634414744000000 69 777
643634415747000000 69 788
643634416745000000 71 824 841
643634417745000000 71 833
643634418747000000 71 826
643634419746000000 71 853
643634420745000000 71 873
643634421747000000 71 893
643634422744000000 71 928
643634423795000000 70 945
643634424745000000 70 903
643634425744000000 69 905 858
643634426746000000 69 838
643634427746000000 69 805
643634428745000000 70 787 781
643634429745000000 71 775
643634430745000000 71 767
643634431795000000 72 782
643634432744000000 72 796
643634433745000000 73 838 847
643634434745000000 73 884
643634435795000000 72 868
643634436745000000 72 843
643634437745000000 72 826 819
643634438744000000 72 786
643634439745000000 72 770
643634440847000000 73 753 750
643634441744000000 74 752
643634442746000000 75 758
643634443745000000 75 766
643634444745000000 75 780
643634445757000000 76 792 827
643634446744000000 76 859
643634447744000000 75 874
643634448745000000 75 860
643634449744000000 74 819 803
643634450745000000 74 782
643634451745000000 74 760
643634452745000000 75 724 703
643634453745000000 76 707
643634454752000000 77 719
643634455745000000 78 734 750
643634456795000000 78 782
643634457745000000 78 808
643634458744000000 78 840
643634459744000000 78 891
643634460745000000 76 877 851
643634461745000000 75 816
643634462744000000 75 774
643634463757000000 75 772 758
643634464745000000 76 739
643634465744000000 76 739
643634466745000000 77 742
643634467745000000 77 794
643634468747000000 77 840
643634469745000000 76 885 904
643634470745000000 75 963
643634471744000000 74 968
643634472745000000 73 919
643634473795000000 72 882
643634474745000000 71 848
643634475745000000 71 825 818
643634476745000000 71 830
643634477795000000 72 796
643634478745000000 72 789
643634479745000000 73 779 775
643634480745000000 73 789
643634481745000000 73 812
643634482748000000 74 842
643634483758000000 74 845
643634484745000000 73 868
643634485745000000 73 885
643634486757000000 72 896 955
643634487745000000 71 930
643634488745000000 71 900
643634489795000000 70 875
643634490796000000 70 862
643634491747000000 70 829 782
643634492745000000 70 774
643634493747000000 71 765
643634494745000000 72 769
643634495745000000 72 796
643634496747000000 73 846
643634497745000000 72 896 962
643634498745000000 72 930
643634499747000000 71 914
643634500747000000 70 886
643634501745000000 70 843
643634502747000000 70 809 801
643634503745000000 71 796
643634504745000000 71 812
643634505747000000 71 848
643634506795000000 71 878
643634507745000000 71 933
643634508748000000 71 1030
643634509757000000 70 1033
643634510745000000 69 961
643634511747000000 68 909
643634512745000000 67 865 852
643634513745000000 68 830
643634514747000000 68 799
643634515745000000 69 780
643634516745000000 69 787
643634517747000000 71 813 859
643634518746000000 71 913
643634519745000000 70 933
643634520747000000 70 947
643634521745000000 69 968
643634522795000000 69 988
643634523748000000 68 938
643634524745000000 67 898
643634525745000000 67 898
643634526747000000 67 855 813
643634527745000000 68 802
643634528745000000 68 805
643634529747000000 69 845
643634530745000000 69
643634531745000000 69 970
643634532747000000 69 1312
643634533745000000 66 1121 1010
643634534745000000 65 926
643634535746000000 65 907
643634536745000000 65 862
643634537758000000 65 796
643634538747000000 65
643634539795000000 66 849
643634540745000000 66 1353
643634541748000000 66 1224
643634542797000000 64 1179
643634543745000000 62 1150
643634544747000000 61 1063
643634545745000000 61 938
643634546795000000 61 906
643634547747000000 61 963
643634548745000000 61 1133
643634549745000000 61 1205
643634550745000000 60 1157
643634551745000000 59 1021
643634552745000000 59 937
643634553747000000 59 921
643634554745000000 59
643634555795000000 60 979
643634556747000000 60 1299
643634557745000000 59 1185
643634558745000000 58 1123
643634559747000000 58 1056
643634560745000000 57 987
643634561745000000 57 985
643634562747000000 58 988
643634563745000000 58 1063
643634564755000000 58 1146
643634565747000000 58 1064
643634566745000000 57 1011
643634567745000000 57 937
643634568746000000 58 916
643634569757000000 59 912
643634570745000000 59 902
643634571747000000 60 919
643634572798000000 61 957
643634573745000000 61 1114
643634574747000000 60 1076 930
643634575752000000 60 864
643634576745000000 61 883
643634577747000000 61
643634578757000000 62 930
643634579745000000 62 910
643634580748000000 62 1279
643634581745000000 62 1038
643634582745000000 61 1037
643634583748000000 61 1070
643634584745000000 60 1063
643634585745000000 60 1071
643634586747000000 59 980
643634587757000000 59 939
643634588795000000 60 983
643634589748000000 60 1174
643634590745000000 60 1239
643634591746000000 59 1045
643634592748000000 58 1025
643634593745000000 58 1134
643634594795000000 58
643634595746000000 58 1149
643634596745000000 57 1023
643634597745000000 57 1033
643634598746000000 57 1087
643634599745000000 57 1040
643634600745000000 57 1107
643634601748000000 57 1135
643634602745000000 57 1059
643634603745000000 56 1105
643634604747000000 56 1090
643634605797000000 56 938
643634606747000000 57 878
643634607748000000 57 924
643634608745000000 58 1305
643634609745000000 58 1119
643634610747000000 57 998
643634611745000000 57
643634612745000000 57 1024
643634613747000000 57 1116
643634614745000000 57 1205
643634615748000000 56 1070 943
643634616748000000 56
643634617745000000 57 889
643634618745000000 58 920
643634619747000000 58 1150
643634620746000000 58 1155
643634621795000000 58 1051
643634622748000000 58 973
643634623745000000 58 911 898
643634624747000000 59 895
643634625748000000 60 919
643634626745000000 61 942
643634627745000000 61
643634628747000000 61 1027 1104
643634629745000000 60 1019
643634630746000000 60 951
643634631747000000 60 862
643634632745000000 61 827
643634633745000000 63 813 814
643634634747000000 64 770
643634635745000000 65 775
643634636745000000 66 810
643634637795000000 67 875
643634638796000000 68 922
643634639745000000 68 987
643634640747000000 67 1002
643634641745000000 66 938 908
643634642745000000 66 842
643634643758000000 66 797
643634644745000000 67 789
643634645745000000 69 788 769
643634646774000000 69 753
643634647757000000 70 743
643634648745000000 72 742 745
643634649757000000 73 767
643634650746000000 74 797
643634651746000000 74 826
643634652758000000 74 843
643634653745000000 74 844 855
643634654795000000 73 816
643634655772000000 73 806
643634656745000000 74 768 744
643634657745000000 74 732
643634658758000000 76 726 730
643634659745000000 76 735
643634660745000000 77 747
643634661773000000 77 755
643634662745000000 78 764 782
643634663745000000 78 798
643634664757000000 78 790
643634665745000000 77 763 751
643634666745000000 78 732
643634667757000000 78 717 708
643634668745000000 79 703
643634669745000000 80 707
643634670795000000 81 720 744
643634671798000000 81 775
643634672745000000 80 785
643634673748000000 80 797
643634674745000000 79 801 767
643634675745000000 79 743
643634676757000000 79 712 691
643634677745000000 80 681
643634678745000000 82 674 672
643634679759000000 82 676
643634680745000000 83 684
643634681745000000 84 700 730
643634682759000000 84 762
643634683745000000 84 801
643634684772000000 83 837
643634685757000000 82 872
643634686745000000 79 859 835
643634687745000000 79 806
643634688845000000 78 777
643634689798000000 78 773 770
643634690745000000 78 742
643634691772000000 78 734
643634692745000000 79 727 729
643634693747000000 79 746
643634694757000000 79 778
643634695746000000 79 805
643634696745000000 79 824
643634697808000000 78 839 892
643634698745000000 77 896
643634699745000000 76 881
643634700757000000 75 841
643634701746000000 75 837
643634702757000000 74 812 792
643634703772000000 74 778
643634704798000000 74 783
643634705746000000 75 784 783
643634706758000000 75 757
643634707747000000 75 747
643634708745000000 76 753
643634709758000000 76 761 788
643634710745000000 77 857
643634711748000000 76 870
643634712759000000 76 866
643634713745000000 75 851
643634714745000000 74 819 792
643634715758000000 74 794
643634716748000000 74 803
643634717745000000 74 804
643634718759000000 74 798 822
643634719746000000 74 814
643634720745000000 74 825
643634721758000000 74 825
643634722746000000 74 856
643634723746000000 74 894
643634724757000000 73 918 898
643634725749000000 72 843
643634726745000000 72 817
643634727757000000 72 802
643634728745000000 72 788 810
643634729745000000 73 791
643634730758000000 73 799
643634731745000000 73 816
643634732745000000 73 831
643634733758000000 73 840
643634734757000000 73 879
643634735745000000 73 928
643634736757000000 71 968 972
643634737798000000 70 933
643634738746000000 70 864
643634739760000000 69 829
643634740798000000 70 804 777
643634741746000000 70 772
643634742758000000 71 788
643634743745000000 72 815
643634744745000000 72 842
643634745758000000 72 890
643634746745000000 72 917
643634747745000000 71 927
643634748746000000 70 918 884
643634749746000000 70 881
643634750746000000 70 853
643634751745000000 70 839
643634752746000000 70 821 815
643634753745000000 70 798
643634754746000000 71 783
643634755745000000 71 770
643634756745000000 72 768 785
643634757795000000 73 811
643634758746000000 73 866
643634759746000000 73 880
643634760746000000 73 868
643634761745000000 72 861
643634762746000000 72 842 823
643634763746000000 72 816
643634764746000000 72 797
643634765746000000 73 764 747
643634766753000000 73 739
643634767746000000 74 738
643634768746000000 75 754
643634769745000000 76 797 831
643634770798000000 75 877
643634771757000000 75 892
643634772745000000 74 875
643634773748000000 74 848
643634774746000000 73 806 781
643634775745000000 73 755
643634776748000000 74 745
643634777746000000 75 745 771
643634778746000000 75 828
643634779748000000 75 863
643634780746000000 75 817
643634781745000000 75 790 797
643634782748000000 75 811
643634783745000000 75 800
643634784745000000 75 782
643634785748000000 75 774
643634786745000000 75 792 830
643634787796000000 75 820
643634788747000000 75 783
643634789797000000 75 771 763
643634790758000000 75 774
643634791748000000 76 804
643634792746000000 76 819
643634793747000000 75 818 793
643634794846000000 75 783
643634795795000000 75 778
643634796745000000 76 771 768
643634797748000000 76 773
643634798746000000 76 784
643634799746000000 76 819
643634800747000000 76 842
643634801746000000 76 896
643634802746000000 75 904
643634803807000000 73 887 866
643634804745000000 73 854
643634805746000000 73 844
643634806749000000 72 816
643634807746000000 73 813 778
643634808746000000 73 761
643634809748000000 73 747
643634810745000000 74 750
643634811796000000 75 792
643634812748000000 75 861 927
643634813746000000 74 937
643634814747000000 73 885
643634815747000000 72 854
643634816746000000 72 813 755
643634817748000000 72 729
643634818748000000 74 719 707
643634819746000000 75 704
643634820796000000 76 703
643634821748000000 78 710 714
643634822745000000 79 720
643634823758000000 79 745
643634824748000000 80 734 737
643634825746000000 80 742
643634826748000000 80 749
643634827747000000 80 780 786
643634828746000000 79 752
643634829746000000 79 731 710
643634830748000000 80 702
643634831747000000 80 710
643634832746000000 81 731 751
643634833748000000 81 766
643634834746000000 81 772
643634835747000000 81 781
643634836798000000 80 801
643634837746000000 80 854
643634838758000000 79 947
643634839748000000 76 952 909
643634840748000000 75 868
643634841746000000 74 816
643634842748000000 74 814
643634843746000000 74 805 789
643634844745000000 74 787
643634845798000000 74 795
643634846746000000 75 843
643634847746000000 74 896
643634848748000000 74 954
643634849746000000 73 993
643634850746000000 71 916 881
643634851748000000 71 827
643634852746000000 71 795
643634853796000000 71 773
643634854748000000 71 782
643634855746000000 72 798
643634856772000000 72 867
643634857748000000 72 910
643634858746000000 72 1299
643634859745000000 69 1094
643634860747000000 68 1016
643634861746000000 67 946
643634862746000000 66 863 837
643634863748000000 67 834
643634864746000000 67 829
643634865746000000 68 905
643634866748000000 68 854
643634867745000000 68
643634868746000000 68 1093
643634869798000000 66 1257 1071
643634870746000000 64 1000
643634871746000000 64 917
643634872758000000 64 855
643634873746000000 65 834 800
643634874746000000 65
643634875749000000 66 772
643634876745000000 67 805
643634877746000000 68 988
643634878748000000 68 1324
643634879746000000 66 1198
643634880746000000 64 1070
643634881747000000 63 961
643634882747000000 63 907
643634883746000000 63 865 854
643634884748000000 63
643634885746000000 64 864
643634886798000000 65 936
643634887748000000 65 1025
643634888746000000 65 1328
643634889758000000 63 1068
643634890749000000 62 984
643634891746000000 62 938
643634892746000000 62 883
643634893748000000 62 908
643634894746000000 63 944
643634895757000000 63 1021
643634896748000000 63 1091
643634897746000000 62 1198
643634898796000000 61 1121
643634899758000000 60 1016
643634900747000000 60 966
643634901746000000 60 878
643634902858000000 60 876
643634903746000000 61 871
643634904796000000 62 967
643634905759000000 62 985
643634906746000000 62 1302
643634907746000000 61 1122
643634908759000000 60 996
643634909748000000 60 938
643634910746000000 60 896
643634911758000000 61 882
643634912746000000 61 912
643634913746000000 62 1028
643634914759000000 62 1182
643634915747000000 61 1199
643634916747000000 60 1103
643634917796000000 59 1006
643634918747000000 59 946
643634919796000000 60 872 829
643634920759000000 61 827
643634921746000000 62 820
643634922746000000 63 771
643634923758000000 64 796
643634924746000000 66 858
643634925746000000 66 906
643634926746000000 67 949
643634927758000000 66 1038
643634928746000000 65 1091 958
643634929746000000 64 870
643634930746000000 64 800
643634931746000000 65 774
643634932748000000 67 765 765
643634933746000000 69 776
643634934746000000 69 782
643634935796000000 70 805
643634936747000000 71 870
643634937746000000 71 913
643634938746000000 70 903 888
643634939746000000 70 862
643634940746000000 70 835
643634941748000000 70 813
643634942746000000 71 791 772
643634943746000000 71 769
643634944746000000 72 759
643634945746000000 73 767 790
643634946746000000 74 805
643634947746000000 74 840
643634948746000000 74 874
643634949746000000 73 879
643634950748000000 73 884
643634951748000000 72 860 830
643634952796000000 72 811
643634953746000000 72 784
643634954748000000 73 761 750
643634955797000000 74 748
643634956746000000 74 755
643634957747000000 75 766
643634958746000000 75 790
643634959746000000 75 849
643634960748000000 75 894 946
643634961746000000 74 924
643634962747000000 73 891
643634963748000000 72 851
643634964748000000 72 822 805
643634965746000000 72 773
643634966748000000 72 770
643634967746000000 73 773
643634968796000000 73 784
643634969748000000 74 831
643634970747000000 74 871
643634971746000000 73 972 971
643634972748000000 72 905
643634973746000000 71 855
643634974747000000 71 809
643634975749000000 71 776 766
643634976746000000 72 760
643634977746000000 73 776
643634978748000000 73 799
643634979746000000 73 896
643634980746000000 72 925 890
643634981748000000 72 846
643634982746000000 72 792
643634983746000000 72 761 749
643634984748000000 73 743
643634985798000000 74 758
643634986746000000 74 805
643634987758000000 75 875
643634988746000000 74 942
643634989746000000 74 985
643634990748000000 72 924
643634991746000000 71 849 836
643634992747000000 71 803
643634993749000000 71 783
643634994746000000 72 769 764
643634995746000000 73 782
643634996758000000 73 821
643634997746000000 74 875
643634998746000000 73 927
643634999749000000 73 998
643635000746000000 72 959
643635001799000000 71 895
643635002748000000 70 880 843
643635003747000000 70 815
643635004746000000 70 795
643635005758000000 70 772
643635006746000000 72 766 763
643635007746000000 72 787
643635008749000000 73 862
643635009747000000 73 865
643635010748000000 73 949
643635011748000000 72 955
643635012746000000 71 921
643635013746000000 70 890 850
643635014749000000 70 826
643635015746000000 70 817
643635016746000000 70 790
643635017748000000 71 775 770
643635018797000000 72 769
643635019747000000 73 767
643635020748000000 73 788
643635021746000000 73
643635022748000000 74 1023
643635023749000000 73 1274
643635024749000000 69 1151
643635025746000000 67 1083
643635026748000000 65 1020 956
643635027746000000 65 919
643635028796000000 65 904
643635029748000000 65 893
643635030746000000 65 888
643635031747000000 65 888
643635032748000000 65 887
643635033749000000 66 904
643635034746000000 66 978
643635035748000000 66 1058
643635036746000000 65 1132
643635037754000000 64 1080
643635038749000000 63 1057
643635039746000000 62 975
643635040746000000 62 920
643635041748000000 62 885
643635042749000000 63 886
643635043746000000 63 935
643635044749000000 63 1061
643635045746000000 63 1066
643635046753000000 62 1115
643635047748000000 62 1140
643635048747000000 61 1110
643635049747000000 60 1026
643635050747000000 60 1009
643635051798000000 60 949
643635052746000000 60 918
643635053749000000 60 913
643635054746000000 61 966
643635055796000000 61 992
643635056747000000 61 1104
643635057748000000 61
643635058746000000 61 1138
643635059808000000 60 1090
643635060746000000 59 1109
643635061746000000 59 1073
643635062773000000 59 1030
643635063746000000 58 989 960
643635064746000000 59 952
643635065758000000 59 930
643635066746000000 60 920
643635067746000000 60 977
643635068759000000 60 936
643635069746000000 61 990
643635070746000000 61 1046
643635071761000000 61 1046
643635072746000000 60 1036
643635073747000000 60
643635074797000000 60 1064 1052
643635075747000000 59 1001
643635076746000000 59 982
643635077759000000 59 912
643635078746000000 60 898
643635079746000000 61 906
643635080759000000 61 891
643635081747000000 62 863
643635082746000000 62 882
643635083758000000 63 910
643635084799000000 63 989
643635085747000000 63 1108
643635086759000000 63 1182
643635087746000000 62 1102
643635088758000000 61 996
643635089758000000 60 920
643635090746000000 61 854 852
643635091746000000 62 856
643635092796000000 63 769
643635093747000000 64 795
643635094746000000 64
643635095759000000 65 883
643635096747000000 66 1299
643635097758000000 65 1158
643635098759000000 64 1140
643635099746000000 62 1112
643635100747000000 62 1047
643635101759000000 61 979 896
643635102746000000 61 867
643635103746000000 62 842
643635104759000000 64 788 767
643635105747000000 65 771
643635106797000000 66 783
643635107758000000 67 808
643635108747000000 68 869
643635109746000000 69 907
643635110759000000 68 958
643635111748000000 68 1007
643635112746000000 67 1080
643635113759000000 66 1109
643635114746000000 65 983
643635115746000000 64 861
643635116759000000 65 829 820
643635117799000000 66 814
643635118746000000 67 825
643635119759000000 67 842
643635120759000000 68 826
643635121746000000 68 824
643635122772000000 69 822
643635123746000000 69 888
643635124756000000 69 1053
643635125759000000 69 1202
643635126746000000 66 1014 887
643635127746000000 66 825
643635128758000000 66 817
643635129758000000 67 907
643635130746000000 67 922
643635131759000000 67 872
643635132747000000 67 887
643635133746000000 67 927
643635134773000000 67 990
643635135747000000 67 1317
643635136746000000 65 1120
643635137759000000 64 1099
643635138746000000 63 1008
643635139746000000 62 954
643635140759000000 62 921
643635141746000000 62 891
643635142760000000 63 917
643635143758000000 63 946
643635144746000000 63 938
643635145746000000 63 995
643635146749000000 63 1018
643635147746000000 63 1022
643635148746000000 62 1024
643635149749000000 62 1061
643635150800000000 62 1005
643635151746000000 61 939
643635152749000000 61 947
643635153746000000 61 891
643635154747000000 62 862
643635155748000000 63 870
643635156746000000 63 902
643635157798000000 64 1092
643635158748000000 63 1030 975
643635159746000000 62 947
643635160746000000 62 933
643635161746000000 63 924
643635162746000000 63
643635163747000000 63 988
643635164749000000 63 1035
643635165747000000 62 1084
643635166749000000 62 1083
643635167809000000 61 1033 997
643635168746000000 61 950
643635169746000000 61 905
643635170803000000 61 885
643635171746000000 62 879
643635172746000000 62 914
643635173759000000 63 992
643635174747000000 63
643635175746000000 63 1106
643635176759000000 62 1173
643635177747000000 61 1172
643635178746000000 60 1066 969
643635179759000000 60 920
643635180746000000 60 860
643635181746000000 61 836
643635182759000000 62 869
643635183799000000 63 946
643635184746000000 63 1058
643635185760000000 63
643635186747000000 63 1092
643635187746000000 62 1143
643635188749000000 61 1181
643635189758000000 60 1112
643635190747000000 59 1008 950
643635191774000000 59 894
643635192746000000 60 844
643635193747000000 61 842
643635194747000000 62 847
643635195746000000 63 821
643635196747000000 64 942
643635197747000000 64
643635198747000000 64 1363
643635199747000000 61 1223 1150
643635200796000000 60 1020
643635201746000000 60 929
643635202747000000 60 908
643635203758000000 60
643635204746000000 61 1018
643635205747000000 61 1056
643635206748000000 61 1105
643635207746000000 60 1160
643635208746000000 59 1185
643635209797000000 59 1116
643635210799000000 58 1023
643635211746000000 58 1027
643635212749000000 58 975
643635213746000000 58 936
643635214747000000 58 1002
643635215747000000 59 994
643635216799000000 59 1034
643635217747000000 59 1080
643635218746000000 59 1160
643635219747000000 58 1098
643635220747000000 58 1016
643635221759000000 58 938
643635222747000000 58 885
643635223747000000 59 859
643635224747000000 60 885
643635225747000000 61 898
643635226749000000 61 926
643635227746000000 62 852
643635228747000000 62 1309
643635229746000000 62 1164
643635230752000000 61 1039
643635231747000000 60 934
643635232746000000 60 892
643635233797000000 61 888
643635234747000000 61 878
643635235748000000 62 927
643635236758000000 62 979
643635237747000000 63 1055
643635238747000000 62 1159
643635239746000000 61 1099
643635240747000000 61 1048
643635241747000000 60 997
643635242746000000 60 901
643635243749000000 60 888
643635244749000000 61 898
643635245746000000 62 984
643635246749000000 62 1090
643635247746000000 61 1071
643635248747000000 61 1038
643635249798000000 60 925
643635250747000000 61 918
643635251747000000 61 919
643635252748000000 61 1063
643635253746000000 61 1106
643635254746000000 61 989
643635255747000000 60 1021
643635256747000000 60 985
643635257747000000 60 1015
643635258749000000 60 1052
643635259747000000 60 1048
643635260747000000 60 1098
643635261749000000 59 1155
643635262759000000 59 1114
643635263747000000 58 1063
643635264748000000 58 1017
643635265747000000 58 944
643635266797000000 58 899
643635267799000000 59 908
643635268747000000 60 880
643635269759000000 60 929
643635270749000000 61 870
643635271747000000 62 965
643635272747000000 62 1340
643635273749000000 61 1133
643635274747000000 60 959
643635275746000000 60 923
643635276799000000 60 897
643635277747000000 61 878
643635278746000000 61 837
643635279749000000 62 1105
643635280747000000 62
643635281747000000 62 1401
643635282798000000 61 1208
643635283747000000 59 1140
643635284747000000 59 1125
643635285748000000 58 1113
643635286747000000 58 1063
643635287747000000 57 1000
643635288749000000 57 958
643635289747000000 57
643635290747000000 58 1042
643635291749000000 58 1342
643635292747000000 57 1292
643635293747000000 56 1092
643635294749000000 56 1097
643635295747000000 56 1133
643635296747000000 55 1070
643635297749000000 55 990
643635298747000000 56 1098
643635299797000000 56 1123
643635300749000000 56 1042
643635301747000000 56 1083
643635302758000000 56 1063
643635303748000000 56 1024
643635304747000000 56
643635305747000000 56 998
643635306749000000 56 1087
643635307747000000 56 1140
643635308746000000 56 1041
643635309749000000 56 966
643635310747000000 56 985
643635311759000000 57 1197
643635312749000000 57 1262
643635313758000000 56 1186
643635314747000000 55 969
643635315799000000 55 921
643635316799000000 56 973
643635317747000000 56
643635318749000000 57 1175
643635319747000000 57 1207
643635320747000000 56 1146 1024
643635321749000000 56 907
643635322799000000 56 904
643635323747000000 57 899
643635324749000000 58 1003
643635325747000000 59 983
643635326747000000 59 909
643635327748000000 59 873
643635328747000000 61 834 826
643635329747000000 62 831
643635330749000000 63 894
643635331747000000 64 968
643635332797000000 64 962
643635333749000000 64 892
643635334747000000 64 840
643635335797000000 65 816 811
643635336749000000 66 831
643635337747000000 67 838
643635338747000000 67 877
643635339749000000 68 885
643635340747000000 68 905
643635341747000000 68 914
643635342749000000 68
643635343747000000 67 1315
643635344747000000 64 1178 1057
643635345748000000 63 961
643635346747000000 63 892
643635347747000000 63 855
643635348798000000 64 863
643635349747000000 64 907
643635350748000000 65 848
643635351749000000 65 981
643635352747000000 65 1329
643635353747000000 65
643635354748000000 64 1202
643635355747000000 62 1081
643635356747000000 61 1037
643635357749000000 61 1041
643635358747000000 61 1159
643635359773000000 60 1176
643635360750000000 59 1058
643635361747000000 59 969
643635362747000000 59 983
643635363749000000 59 960
643635364747000000 59 1031
643635365797000000 59 1027
643635366748000000 59 1122
643635367747000000 59 1196
643635368759000000 58 1086
643635369749000000 58 1019
643635370747000000 58 924
643635371747000000 58 853
643635372749000000 59 850
643635373747000000 61 845 865
643635374747000000 61
643635375749000000 62 838
643635376747000000 63 920
643635377755000000 63 1060
643635378748000000 63 1347
643635379747000000 62 1146
643635380747000000 61 1010
643635381799000000 60 888 856
643635382749000000 61 794
643635383747000000 62 833
643635384749000000 64 908
643635385747000000 64 956
643635386754000000 64 930
643635387750000000 64
643635388747000000 64 981
643635389747000000 64 1339
643635390749000000 63 1194
643635391747000000 61 1100
643635392747000000 60 1091
643635393749000000 60 1028
643635394747000000 60 941
643635395752000000 60 954
643635396750000000 60 1091
643635397747000000 60 1262
643635398797000000 59 1120
643635399749000000 58 998
643635400747000000 58 1081
643635401759000000 58 1074
643635402749000000 58
643635403747000000 58 1004
643635404750000000 58 1062
643635405749000000 58 1150
643635406747000000 58 1089
643635407747000000 57 1161
643635408759000000 57 1157
643635409747000000 56 1034
643635410759000000 56 941
643635411759000000 57 1060
643635412747000000 57
643635413747000000 57 1119
643635414760000000 57 1131
643635415799000000 56 1303
643635416798000000 56 1179
643635417759000000 55 1053
643635418747000000 55 1059
643635419747000000 55 1032
643635420759000000 55 935
643635421747000000 56 942
643635422747000000 57 1043
643635423797000000 57 1235
643635424747000000 57 1023
643635425747000000 56 963
643635426760000000 57 1038
643635427747000000 57 1130
643635428749000000 57 1086
643635429760000000 57 965
643635430747000000 57 903
643635431798000000 58 954
643635432759000000 58 1016
643635433748000000 59 963
643635434747000000 59 885
643635435759000000 59 890
643635436747000000 60 929
643635437749000000 61 1086
643635438759000000 61 977
643635439747000000 61 945 881
643635440747000000 61 862
643635441759000000 62 853
643635442747000000 63 876
643635443747000000 63 934
643635444747000000 64 953
643635445747000000 64 869
643635446768000000 65 826 808
643635447747000000 66 827
643635448747000000 66 848
643635449747000000 66
643635450747000000 67 899
643635451749000000 67 995
643635452747000000 67 1244
643635453747000000 64 1101 952
643635454747000000 64 928
643635455747000000 64
643635456747000000 64 911
643635457747000000 63 1052 1035
643635458747000000 63 976
643635459747000000 63
643635460748000000 63 975
643635461747000000 62 1033
643635462759000000 62 1087
643635463749000000 62 985
643635464797000000 61 1025
643635465747000000 61 1112
643635466749000000 61 1060
643635467797000000 60 1126
643635468797000000 60 1195
643635469750000000 59 981
643635470747000000 58 860
643635471747000000 59 899
643635472750000000 60 1360
643635473747000000 60 1189
643635474749000000 58 936
643635475749000000 58 905
643635476747000000 58
643635477747000000 59 958
643635478749000000 60 1208
643635479748000000 59 1334
643635480747000000 58 1236
643635481749000000 57 1184
643635482747000000 56 1054
643635483749000000 56 1010
643635484747000000 56 980
643635485747000000 56
643635486747000000 57 1014
643635487747000000 57 1150
643635488747000000 57 1176
643635489747000000 56 1082
643635490749000000 56 999
643635491747000000 56 970
643635492747000000 57 1050
643635493748000000 57 1194
643635494747000000 57 1127
643635495747000000 56 1095
643635496749000000 56 1125
643635497799000000 56 1130
643635498747000000 56
643635499750000000 55 1146
643635500747000000 55 1063
643635501748000000 55 1042
643635502749000000 55 1074
643635503747000000 55 1097
643635504748000000 55 1089
643635505749000000 55 1188
643635506750000000 55 1159
643635507748000000 55
643635508749000000 55 1076
643635509747000000 55 1248
643635510749000000 54 1176
643635511749000000 54 1029
643635512747000000 54 938
643635513759000000 55 1037
643635514749000000 55 1081
643635515747000000 55 947
643635516748000000 56 972
643635517800000000 57 1151
643635518747000000 57
643635519749000000 56 1355 1213
643635520750000000 55 1160
643635521747000000 54 973
643635522748000000 55 914
643635523749000000 56 896
643635524747000000 57 892
643635525747000000 57
643635526749000000 58 947
643635527747000000 58 1323
643635528748000000 58 1134
643635529750000000 57 1067
643635530799000000 57 1045
643635531747000000 57 1073
643635532750000000 57 1010
643635533748000000 57 924
643635534747000000 57 941
643635535749000000 58 1054
643635536747000000 58 1183
643635537755000000 58 1081
643635538759000000 57 1100
643635539747000000 57 1123
643635540747000000 57 1138
643635541749000000 57
643635542747000000 56 1049
643635543747000000 56 1094
643635544749000000 56 1157
643635545747000000 56 1064
643635546747000000 56 1134
643635547810000000 56 1297
643635548747000000 55 1086
643635549747000000 55
643635550749000000 55 1005
643635551747000000 55 1199
643635552749000000 55 1079
643635553749000000 55 1019
643635554747000000 55 1311
643635555747000000 55 1268
643635556750000000 54 1073
643635557747000000 54
643635558748000000 54 1083
643635559750000000 54 1188
643635560747000000 54 1082
643635561750000000 54 1176
643635562749000000 54 1169
643635563799000000 53 1120
643635564747000000 53 1184
643635565749000000 53 1107
643635566750000000 53
643635567748000000 53 1048
643635568749000000 53 1115
643635569747000000 54 1146
643635570749000000 54 1063
643635571800000000 54 1154
643635572800000000 54 1208
643635573747000000 53 1031
643635574750000000 53 1023
643635575749000000 53
643635576747000000 54 1092
643635577749000000 54 1018
643635578747000000 55 1380
643635579752000000 54 1333
643635580800000000 53 1051
643635581747000000 53 1144
643635582747000000 53 1168
643635583749000000 53 1028
643635584749000000 53 977
643635585747000000 54 1037
643635586749000000 54 1065
643635587747000000 54
643635588747000000 55 1022
643635589750000000 55 1080
643635590748000000 55 1101
643635591747000000 55 1110
643635592749000000 55 1156
643635593747000000 55 1125
643635594747000000 55 1122
643635595749000000 55 1094
643635596797000000 55
643635597747000000 55 1030
643635598749000000 55 1124
643635599747000000 55 1151
643635600747000000 55 1104
643635601749000000 54 1256
643635602747000000 54 1107
643635603748000000 54 1019
643635604750000000 54 1150
643635605748000000 54 1314
643635606747000000 54 1010
643635607749000000 54
643635608747000000 54 938
643635609747000000 54 966
643635610750000000 55 1306
643635611748000000 55 1242
643635612747000000 54 1133
643635613800000000 54 1032
643635614748000000 54 949
643635615748000000 55 903
643635616759000000 56 891
643635617747000000 57 901
643635618748000000 58 920
643635619750000000 59 1112
643635620800000000 59 1151
643635621747000000 58 1099
643635622750000000 58 941
643635623747000000 58 904
643635624747000000 59 927
643635625750000000 59 1004
643635626747000000 60 1051
643635627747000000 59 993
643635628749000000 59 968
643635629798000000 60 977
643635630759000000 60 1009
643635631750000000 60 1025
643635632748000000 60 979
643635633760000000 60 1001
643635634749000000 60 1054
643635635748000000 60 1072
643635636747000000 59 1138
643635637750000000 59 1121
643635638748000000 58 1003
643635639798000000 58 951
643635640750000000 58
643635641747000000 58 1063
643635642749000000 59 1241
643635643750000000 58 1106
643635644748000000 57 1138
643635645748000000 57 1227
643635646800000000 56 1025
643635647748000000 56 1099
643635648749000000 56 1113
643635649750000000 56 918
643635650748000000 56 905
643635651747000000 57 1008
643635652749000000 57
643635653749000000 58 1204
643635654747000000 58 1191
643635655750000000 57 1311
643635656747000000 56 1174
643635657748000000 55 1209
643635658749000000 55 1293
643635659748000000 55
643635660748000000 54 1076
643635661749000000 54 1104
643635662800000000 54 1171
643635663748000000 54 1086
643635664750000000 54 1289
643635665748000000 54
643635666797000000 53 1223
643635667749000000 53 1157
643635668748000000 53 1271
643635669748000000 52 1145
643635670750000000 52 971
643635671760000000 53 912
643635672747000000 54 938
643635673750000000 55 989
643635674748000000 56 1108
643635675748000000 56 1174
643635676750000000 56
643635677748000000 55 1155
643635678747000000 55 1263
643635679799000000 55 1260
643635680748000000 54 1190
643635681747000000 53 1075
643635682750000000 54 976 889
643635683748000000 55 853
643635684748000000 56 870
643635685750000000 58 841
643635686748000000 59 850
643635687748000000 60 917
643635688750000000 61 919
643635689748000000 61 864
643635690748000000 62 925
643635691749000000 62 997
643635692748000000 62 999 957
643635693748000000 62 895
643635694749000000 62 824
643635695800000000 64 768 726
643635696747000000 66 710
643635697750000000 68 716
643635698748000000 69 739
643635699781000000 72 764 785
643635700750000000 72 839
643635701748000000 72 834
643635702748000000 72 854
643635703750000000 72 900
643635704748000000 72 949
643635705747000000 71 1018
643635706749000000 69 958 880
643635707748000000 69 806
643635708751000000 69 764
643635709750000000 70 766
643635710748000000 71 766 796
643635711748000000 72 823
643635712798000000 72 818
643635713748000000 72 813
643635714748000000 72 758
643635715750000000 73 769
643635716748000000 73 823
643635717748000000 74 985
643635718749000000 73 1180
643635719748000000 70 1117
643635720748000000 67 992 921
643635721760000000 67 871
643635722748000000 67 804
643635723748000000 68 758 739
643635724761000000 69 717
643635725748000000 72 697 684
643635726748000000 74 672
643635727760000000 77 662 656
643635728800000000 78 651
643635729748000000 81 649 649
643635730760000000 82 650
643635731760000000 84 652 651
643635732748000000 85 648
643635733760000000 87 654 658
643635734748000000 87 661
643635735748000000 88 660 657
643635736750000000 89 647 641
643635737748000000 90 646
643635738748000000 91 648 649
643635739749000000 91 650
643635740748000000 91 645 640
643635741748000000 92 619 600
643635742750000000 93 590
643635743748000000 96 565 573
643635744748000000 99 570 564
643635745800000000 102 557 557
643635746748000000 103 561
643635747748000000 105 555 563
643635748750000000 105 580
643635749747000000 105 621
643635750748000000 104 854 933
643635751749000000 104 800
643635752748000000 103 754
643635753748000000 102 788 744
643635754750000000 97 719
643635755748000000 95 740
643635756748000000 91 684 688
643635757750000000 91 675
643635758748000000 90 672 690
643635759748000000 90 748
643635760751000000 89 765
643635761800000000 86 787 769
643635762748000000 85 707
643635763749000000 84 677
643635764748000000 85 708 740
643635765751000000 85 790
643635766751000000 84 803
643635767748000000 83 835
643635768750000000 81 827 834
643635769751000000 80 813
643635770748000000 79 817
643635771748000000 79 816
643635772749000000 78 772 764
643635773748000000 78 782
643635774750000000 78 780
643635775750000000 78 731
643635776748000000 78 775
643635777750000000 78 1064
643635778850000000 75 950 823
643635779748000000 75 826
643635780748000000 74 892
643635781750000000 74 888
643635782748000000 73 835 775
643635783748000000 73 744
643635784749000000 74 735
643635785748000000 75 750 765
643635786750000000 75 781
643635787750000000 76 766
643635788748000000 76 762
643635789748000000 76 757
643635790750000000 77 778 821
643635791750000000 76 884
643635792748000000 76 865
643635793750000000 75 868
643635794749000000 75 847
643635795748000000 74 819 809
643635796749000000 74 812
643635797748000000 74 780
643635798760000000 74 779 789
643635799750000000 75 776
643635800751000000 75 808
643635801748000000 75 813
643635802750000000 75 787 759
643635803748000000 75 742
643635804748000000 76 722 732
643635805750000000 77 697
643635806748000000 78 715 687
643635807748000000 79 682
643635808750000000 81 675 669
643635809750000000 82 658
643635810747000000 84 658 662
643635811799000000 84 681
643635812748000000 85 699
643635813747000000 85 719
643635814750000000 85 771
643635815747000000 83 863 833
643635816747000000 82 811
643635817762000000 80 760 749
643635818749000000 80 714
643635819748000000 80 697
643635820759000000 81 704
643635821748000000 82 748 824
643635822798000000 81 838
643635823760000000 80 778
643635824748000000 80 736
643635825748000000 80 760
643635826761000000 80 892
643635827748000000 74 1176 977
643635828748000000 73 838
643635829760000000 72 774
643635830748000000 73 729 718
643635831748000000 74 710
643635832760000000 75 755
643635833748000000 76 946
643635834748000000 76 833
643635835760000000 75 825
643635836748000000 75 844
643635837748000000 74 1203
643635838748000000 73 1106
643635839748000000 68 1039
643635840748000000 67 977
643635841747000000 66 928
643635842749000000 66 1021
643635843748000000 66
643635844798000000 65 1175
643635845748000000 63 1134 1110
643635846747000000 63
643635847758000000 61 1058 914
643635848748000000 61
643635849747000000 61 1006
643635850798000000 62 998
643635851753000000 61 1026 1037
643635852748000000 61 1019
643635853760000000 61 929
643635854748000000 61 826
643635855750000000 62 837
643635856752000000 63 800
643635857749000000 64 865
643635858749000000 65 829
643635859753000000 65 983
643635860749000000 65 1162
643635861749000000 64 1086
643635862752000000 63 1079
643635863749000000 63 1048
643635864799000000 62 1017
643635865752000000 62 977
643635866749000000 61 963
643635867749000000 61 860
643635868799000000 62 938
643635869752000000 62 1056
643635870749000000 62 1087
643635871809000000 62 1081
643635872749000000 61 1039
643635873761000000 61 1012
643635874758000000 60 977
643635875749000000 60 937
643635876749000000 61 887 847
643635877811000000 62 806
643635878752000000 64 777 733
643635879798000000 66 702
643635880752000000 68 693
643635881749000000 71 707 720
643635882749000000 72 717
643635883749000000 75 701 675
643635884749000000 76 656
643635885749000000 79 678 654
643635886748000000 80 657
643635887750000000 82 650 652
643635888748000000 84 642 637
643635889748000000 85 629
643635890752000000 88 617 607
643635891799000000 91 593 583
643635892750000000 94 581 575
643635893752000000 96 567
643635894801000000 99 561 554
643635895749000000 101 562
643635896750000000 102 575
643635897749000000 103 652
643635898749000000 103 939
643635899752000000 103 935
643635900748000000 102 1087 937
643635901751000000 101 918
643635902753000000 101 767
643635903751000000 93 714 705
643635904751000000 91 703
643635905755000000 90 685 680
643635906749000000 89 692
643635907749000000 89 688 690
643635908750000000 89 692
643635909749000000 88 671 657
643635910801000000 89 653
643635911751000000 90 642 631
643635912749000000 91 639 606
643635913749000000 92 618
643635914753000000 93 618 632
643635915751000000 94 641
643635916752000000 94 661 659
643635917756000000 93 652
643635918749000000 93 643 635
643635919752000000 94 618 621
643635920752000000 94
643635921800000000 94 646 679
643635922752000000 94 1043
643635923752000000 94 878
643635924751000000 93 835 730
643635925801000000 92 725
643635926751000000 89 681 657
643635927804000000 90 636 618
643635928798000000 91 608
643635929754000000 93 618 628
643635930749000000 93 640
643635931748000000 94 649 688
643635932752000000 93 664
643635933749000000 92 671
643635934800000000 92 719
643635935754000000 89 816 785
643635936749000000 87 761
643635937756000000 85 726 691
643635938755000000 85 667
643635939749000000 86 649 637
643635940749000000 88 622 609
643635941751000000 91 601 587
643635942752000000 93 579
643635943851000000 96 571 555
643635944752000000 99 580 584
643635945749000000 100 613 628
643635946749000000 99 655 363
643635947752000000 99
643635948749000000 98 930 621
643635949749000000 97 606 604
643635950750000000 98 599
643635951749000000 98 596 591
643635952753000000 98
643635953752000000 98
643635954748000000 98
643635955749000000 98
643635956761000000 98
643635957749000000 98
643635958749000000 98
643635959751000000 98
643635960801000000 98
643635961750000000 0
643635962752000000 0
643635963752000000 0
643635964749000000 0
643635965752000000 100 588 581 14045
643635966751000000 100 283
643635967749000000 101 705 891
643635968752000000 101 631
643635969803000000 102 513 414 350
643635970754000000 102 397 400
643635971752000000 102 298 498
643635972753000000 102 253 799 283
643635973749000000 102 273
643635974763000000 102 349 549 496 597
643635975753000000 102 299
643635976801000000 102 701
643635977752000000 102 550 700 601
643635978802000000 102 281 514
643635979803000000 102 357 551
643635980752000000 102 606
643635981752000000 102
643635982749000000 102 1148 1050 550
643635983757000000 102 348
643635984749000000 102 352 596 453
643635985750000000 102 559 288 282
643635986751000000 102 469
643635987750000000 102 349 846
643635988755000000 102 702
643635989753000000 102 352
643635990749000000 102 353 550 1247
643635991750000000 102 348 500 279
643635992753000000 102 273 552 400
643635993803000000 102 296 355 346
643635994749000000 102 501
643635995752000000 103 553 268 283 279
643635996749000000 107 568 450
643635997749000000 107
643635998751000000 109 1150 297
643635999749000000 110 602
643636000749000000 110 701
643636001752000000 109 846 351 552 385
643636002753000000 109 604
643636003749000000 109 262
643636004752000000 108 699 698 904
643636005752000000 107 350 353
643636006750000000 107 501 552
643636007753000000 107 548 301
643636008749000000 108 450 298 500
643636009806000000 108 351 553
643636010751000000 108 347 354
643636011751000000 111 350 550 350
643636012750000000 113 403 297 500
643636013750000000 113 353
643636014748000000 113 349
643636015748000000 114 751 692 501
643636016750000000 114 551 350 350
643636017749000000 114
643636018748000000 117 348 551 1052
643636019748000000 117 327
643636020748000000 118 372 852
643636021748000000 119 797
643636022748000000 119 555
643636023748000000 119 798 354 703
643636024748000000 120 698 424 275
643636025750000000 120 550 352
643636026800000000 121 345 354 500
643636027747000000 121
643636028748000000 122 1251
643636029760000000 123 550
643636030748000000 123 1200
643636031747000000 124 450
643636032800000000 124 798 924 508
643636033798000000 124
643636034752000000 125 311 1351
643636035749000000 125 862 289 406
643636036748000000 125
643636037748000000 125 346 1200 351 352
643636038749000000 126 349
643636039748000000 127 352 700
643636040748000000 129 548 350 353
643636041751000000 131 350 347 283
643636042798000000 132 509 266 350
643636043748000000 133 550
643636044750000000 133
643636045748000000 133 543 1555 283
643636046798000000 133 273
643636047750000000 134 499 350 748 300
643636048749000000 134 346 353 352
643636049749000000 135 400
643636050750000000 136 500 352 350
643636051749000000 137 445 306 298
643636052748000000 137 350 451
643636053750000000 137 384 418
643636054749000000 137 349 548
643636055749000000 137 345 499 354
643636056751000000 137 746 501 284 268
643636057760000000 137
643636058750000000 137 350 1051 349
643636059801000000 137
643636060749000000 137 899
643636061748000000 137 698 501 351 349
643636062750000000 137 304 551 385
643636063749000000 137
643636064748000000 137 364 1048
643636065751000000 137 608 292 354
643636066749000000 137 297 604
643636067749000000 137 600 601
643636068749000000 136 451 451
643636069749000000 135 546 549
643636070749000000 135 300 449
643636071751000000 134 453 347 355 284
643636072749000000 134 413
643636073748000000 134 352 696
643636074749000000 134 448
643636075800000000 134 1118 399
643636076749000000 134 701 411
643636077751000000 134 323
643636078749000000 134 646 1446
643636079753000000 134 261
643636080752000000 134 438 850
643636081750000000 134 696
643636082799000000 134 406 702 435 266
643636083750000000 134 352 499
643636084750000000 134 300
643636085750000000 134 606 694 553
643636086754000000 134 279 421
643636087750000000 134 352
643636088749000000 134 350 1049
643636089752000000 134 401 295 355
643636090750000000 134 702
643636091749000000 134 552 549 349 348
643636092802000000 134 400 297
643636093749000000 134 499 401
